    3.646855  6.0300e-42  6271.5159
    3.680535  4.2510e-37  4206.7792
    3.714217  2.2740e-32  2116.2950
    3.747902  1.1440e-27     0.0000
    7.293571  4.6880e-41  6275.1628
    7.360931  3.3070e-36  4210.4597
    7.428295  1.7690e-31  2120.0092
    7.495665  8.8970e-27     3.7479
   10.940008  1.5090e-40  6282.4564
   11.041047  1.0650e-35  4217.8207
   11.142094  5.7010e-31  2127.4375
   11.243149  2.8660e-26    11.2436
   14.451318  1.0510e-45  8332.2486
   14.586026  3.3450e-40  6293.3964
   14.720745  2.3660e-35  4228.8617
   14.855474  1.2660e-30  2138.5796
   14.990214  6.3650e-26    22.4867
   18.063101  1.8510e-45  8346.6999
   18.231486  5.9950e-40  6307.9824
   18.399885  4.2480e-35  4243.5824
   18.568297  2.2750e-30  2153.4351
   18.736721  1.1430e-25    37.4769
   21.674187  2.8180e-45  8364.7630
   21.876248  9.3280e-40  6326.2139
   22.078327  6.6250e-35  4261.9823
   22.280421  3.5490e-30  2172.0034
   22.482530  1.7830e-25    56.2137
   25.284435  3.8490e-45  8386.4372
   25.520173  1.3080e-39  6348.0901
   25.755932  9.3190e-35  4284.0607
   25.991708  4.9940e-30  2194.2838
   26.227502  2.5090e-25    78.6962
   29.163122  1.6920e-39  6373.6103
   29.432560  1.2090e-34  4309.8166
   29.702019  6.4850e-30  2220.2755
   29.971497  3.2570e-25   104.9237
   32.501862  5.6330e-45  8440.6153
   32.804955  2.0490e-39  6402.7734
   33.108073  1.4690e-34  4339.2491
   33.411214  7.8850e-30  2249.9775
   33.714376  3.9590e-25   134.8952
   36.108762  6.1780e-45  8473.1172
   36.445532  2.3440e-39  6435.5784
   36.782330  1.6880e-34  4372.3572
   37.119153  9.0650e-30  2283.3887
   37.455999  4.5510e-25   168.6096
   39.714267  6.4100e-45  8509.2259
   40.084714  2.5520e-39  6472.0239
   40.455192  1.8470e-34  4409.1395
   40.825697  9.9270e-30  2320.5079
   41.196228  4.9820e-25   206.0656
   43.318238  6.3190e-45  8548.9402
   43.722363  2.6600e-39  6512.1086
   44.126520  1.9350e-34  4449.5947
   44.530707  1.0410e-29  2361.3336
   44.934922  5.2210e-25   247.2618
   46.920535  5.9370e-45  8592.2584
   47.358337  2.6620e-39  6555.8310
   47.796175  1.9480e-34  4493.7213
   48.234044  1.0490e-29  2405.8643
   48.671942  5.2610e-25   292.1967
   50.521020  5.3270e-45  8639.1790
   50.992500  2.5680e-39  6603.1893
   51.464017  1.8920e-34  4541.5174
   51.935568  1.0200e-29  2454.0983
   52.407150  5.1110e-25   340.8687
   54.119552  4.5700e-45  8689.7000
   54.624710  2.3920e-39  6654.1818
   55.129907  1.7750e-34  4592.9815
   55.635140  9.5800e-30  2506.0339
   56.140405  4.8000e-25   393.2758
   58.254829  2.1570e-39  6708.8065
   58.793706  1.6130e-34  4648.1114
   59.332621  8.7180e-30  2561.6690
   59.871570  4.3660e-25   449.4162
   61.882718  1.8860e-39  6767.0614
   62.455276  1.4220e-34  4706.9051
   63.027872  7.6970e-30  2621.0017
   63.600503  3.8520e-25   509.2878
   64.902045  2.1980e-45  8862.8457
   65.508238  1.6000e-39  6828.9441
   66.114475  1.2170e-34  4769.3603
   66.720754  6.6010e-30  2684.0295
   67.327068  3.3020e-25   572.8883
   68.491378  1.5640e-45  8927.7478
   69.131249  1.3190e-39  6894.4523
   69.771167  1.0130e-34  4835.4748
   70.411127  5.5060e-30  2750.7503
   71.051124  2.7530e-25   640.2153
   72.078064  1.0530e-45  8996.2392
   72.751613  1.0570e-39  6963.5836
   73.425212  8.2130e-35  4905.2460
   74.098853  4.4710e-30  2821.1614
   74.772533  2.2350e-25   711.2665
   76.369192  8.2450e-40  7036.3352
   77.076471  6.4830e-35  4978.6712
   77.783794  3.5370e-30  2895.2603
   78.491156  1.7670e-25   786.0390
   79.983845  6.2640e-40  7112.7044
   80.724805  4.9880e-35  5055.7477
   81.465810  2.7280e-30  2973.0441
   82.206854  1.3620e-25   864.5302
   83.595435  4.6370e-40  7192.6882
   84.370076  3.7440e-35  5136.4725
   85.144762  2.0530e-30  3054.5099
   85.919489  1.0250e-25   946.7370
   87.203823  3.3450e-40  7276.2837
   88.012145  2.7420e-35  5220.8425
   88.820512  1.5080e-30  3139.6546
   89.628921  7.5220e-26  1032.6565
   90.808870  2.3530e-40  7363.4875
   91.650873  1.9600e-35  5308.8547
   92.492922  1.0810e-30  3228.4751
   93.335013  5.3930e-26  1122.2854
   94.410437  1.6150e-40  7454.2963
   95.286122  1.3690e-35  5400.5056
   96.161853  7.5760e-31  3320.9681
   97.037625  3.7770e-26  1215.6204
   98.008387  1.0810e-40  7548.7068
   98.917754  9.3410e-36  5495.7917
   99.827167  5.1880e-31  3417.1299
  100.736621  2.5860e-26  1312.6581
  101.602581  7.0590e-41  7646.7152
  102.545630  6.2290e-36  5594.7094
  103.488726  3.4730e-31  3516.9571
  104.431860  1.7300e-26  1413.3947
  105.192881  4.4990e-41  7748.3178
  106.169613  4.0600e-36  5697.2551
  107.146390  2.2730e-31  3620.4458
  108.123206  1.1320e-26  1517.8265
  108.779149  2.7980e-41  7853.5106
  109.789563  2.5880e-36  5803.4247
  110.800023  1.4560e-31  3727.5922
  111.810521  7.2500e-27  1625.9497
  112.361245  1.6980e-41  7962.2898
  113.405344  1.6130e-36  5913.2142
  114.449486  9.1190e-32  3838.3922
  115.493665  4.5410e-27  1737.7603
  115.939034  1.0060e-41  8074.6510
  117.016816  9.8350e-37  6026.6196
  118.094641  5.5900e-32  3952.8417
  119.172502  2.7840e-27  1853.2539
  119.512376  5.8130e-42  8190.5901
  120.623843  5.8670e-37  6143.6364
  121.735351  3.3540e-32  4070.9363
  122.846893  1.6710e-27  1972.4264
  123.081135  3.2770e-42  8310.1024
  124.226287  3.4240e-37  6264.2602
  125.371479  1.9700e-32  4192.6717
  126.516702  9.8150e-28  2095.2733
  126.645173  1.8010e-42  8433.1836
  127.824011  1.9560e-37  6388.4865
  129.002886  1.1330e-32  4318.0432
  130.181791  5.6460e-28  2221.7900
  130.204352  9.6540e-43  8559.8287
  131.416876  1.0930e-37  6516.3105
  132.629436  6.3810e-33  4447.0461
  133.758534  5.0420e-43  8690.0331
  133.842022  3.1810e-28  2351.9718
  135.004746  5.9800e-38  6647.7274
  136.250990  3.5190e-33  4579.6755
  137.307583  2.5650e-43  8823.7916
  137.497259  1.7550e-28  2485.8138
  138.587483  3.2020e-38  6782.7322
  139.867413  1.9010e-33  4715.9265
  140.851361  1.2700e-43  8961.0992
  141.147364  9.4900e-29  2623.3111
  142.164950  1.6780e-38  6921.3196
  143.478566  1.0060e-33  4855.7939
  144.389732  6.1130e-44  9101.9506
  144.792199  5.0260e-29  2764.4585
  145.737011  8.6100e-39  7063.4846
  147.084314  5.2150e-34  4999.2725
  147.922558  2.8580e-44  9246.3403
  148.431630  2.6090e-29  2909.2507
  149.303528  4.3240e-39  7209.2216
  150.684518  2.6490e-34  5146.3568
  151.449702  1.2960e-44  9394.2629
  152.065518  1.3270e-29  3057.6823
  152.864365  2.1250e-39  7358.5251
  154.279044  1.3180e-34  5297.0413
  155.693727  6.6130e-30  3209.7478
  156.419386  1.0230e-39  7511.3895
  157.867753  6.4280e-35  5451.3203
  158.486401  2.4130e-45  9700.6836
  159.316121  3.2310e-30  3365.4415
  159.968453  4.8160e-40  7667.8089
  161.450511  3.0710e-35  5609.1881
  162.932564  1.5470e-30  3524.7577
  163.511431  2.2200e-40  7827.7773
  165.027180  1.4380e-35  5770.6386
  166.542919  7.2620e-31  3687.6902
  167.048183  1.0010e-40  7991.2888
  168.597625  6.6010e-36  5935.6658
  170.147051  3.3420e-31  3854.2331
  170.578574  4.4190e-41  8158.3370
  172.161710  2.9690e-36  6104.2634
  173.744823  1.5080e-31  4024.3802
  174.102468  1.9080e-41  8328.9155
  175.719299  1.3090e-36  6276.4251
  177.336100  6.6730e-32  4198.1250
  177.619729  8.0570e-42  8503.0180
  179.270256  5.6560e-37  6452.1444
  180.920747  2.8950e-32  4375.4611
  181.130221  3.3280e-42  8680.6377
  182.814447  2.3950e-37  6631.4147
  184.498629  1.2320e-32  4556.3819
  184.633809  1.3440e-42  8861.7679
  186.351735  9.9420e-38  6814.2291
  188.069609  5.1380e-33  4740.8805
  188.130359  5.3010e-43  9046.4018
  189.881986  4.0450e-38  7000.5809
  191.619734  2.0440e-43  9234.5321
  191.633554  2.1020e-33  4928.9501
  193.405065  1.6130e-38  7190.4628
  195.101800  7.6910e-44  9426.1519
  195.190328  8.4340e-34  5120.5837
  196.920837  6.3020e-39  7383.8679
  198.576422  2.8250e-44  9621.2537
  198.739797  3.3190e-34  5315.7740
  200.429167  2.4130e-39  7580.7887
  202.043466  1.0120e-44  9819.8301
  202.281826  1.2810e-34  5514.5138
  203.929922  9.0570e-40  7781.2179
  205.502797  3.5310e-45 10021.8735
  205.816281  4.8500e-35  5716.7956
  207.422966  3.3310e-40  7985.1478
  208.954281  1.1990e-45 10227.3763
  209.343027  1.8010e-35  5922.6119
  210.908166  1.2000e-40  8192.5708
  212.861932  6.5600e-36  6131.9549
  214.385387  4.2360e-41  8403.4790
  216.372860  2.3440e-36  6344.8168
  217.854496  1.4650e-41  8617.8644
  219.875680  8.2130e-37  6561.1897
  221.315360  4.9610e-42  8835.7188
  223.370256  2.8230e-37  6781.0654
  224.767845  1.6450e-42  9057.0342
  226.856456  9.5170e-38  7004.4356
  228.211817  5.3430e-43  9281.8021
  230.334147  3.1470e-38  7231.2921
  231.647144  1.6980e-43  9510.0139
  233.803195  1.0210e-38  7461.6262
  235.073693  5.2800e-44  9741.6610
  237.263469  3.2470e-39  7695.4294
  238.491331  1.6060e-44  9976.7347
  240.714836  1.0130e-39  7932.6929
  241.899926  4.7770e-45 10215.2260
  244.157164  3.1000e-40  8173.4077
  245.299345  1.3880e-45 10457.1260
  247.590320  9.3010e-41  8417.5649
  251.014172  2.7360e-41  8665.1552
  254.428589  7.8930e-42  8916.1694
  257.833439  2.2320e-42  9170.5980
  261.228592  6.1880e-43  9428.4314
  264.613915  1.6810e-43  9689.6600
  267.989278  4.4750e-44  9954.2739
  271.354550  1.1670e-44 10222.2632
 1890.534186  1.4550e-31  4740.8805
 1895.762558  3.5040e-31  4556.3819
 1900.964007  8.2880e-31  4375.4611
 1906.138397  1.9260e-30  4198.1250
 1911.285595  4.3950e-30  4024.3802
 1916.405465  9.8490e-30  3854.2331
 1921.497873  2.1690e-29  3687.6902
 1926.562684  4.6890e-29  3524.7577
 1926.938267  1.2810e-31  4855.7939
 1931.599761  9.9570e-29  3365.4415
 1931.800934  2.4670e-31  4715.9265
 1936.608970  2.0770e-28  3209.7478
 1936.635048  4.6650e-31  4579.6755
 1941.440473  8.6580e-31  4447.0461
 1941.590174  4.2500e-28  3057.6823
 1946.217072  1.5780e-30  4318.0432
 1946.543237  8.5450e-28  2909.2507
 1950.964708  2.8220e-30  4192.6717
 1951.468024  1.6870e-27  2764.4585
 1955.683245  4.9570e-30  4070.9363
 1956.364397  3.2680e-27  2623.3111
 1960.372542  8.5430e-30  3952.8417
 1961.232220  6.2170e-27  2485.8138
 1965.032465  1.4450e-29  3838.3922
 1966.071356  1.1610e-26  2351.9718
 1969.662875  2.3980e-29  3727.5922
 1970.881668  2.1280e-26  2221.7900
 1974.263635  3.9060e-29  3620.4458
 1975.663019  3.8280e-26  2095.2733
 1978.834606  6.2420e-29  3516.9571
 1980.415272  6.7580e-26  1972.4264
 1983.375651  9.7840e-29  3417.1299
 1985.138288  1.1710e-25  1853.2539
 1987.886632  1.5040e-28  3320.9681
 1989.831930  1.9900e-25  1737.7603
 1992.367409  2.2690e-28  3228.4751
 1993.469268  1.0320e-31  4835.4748
 1994.496060  3.3200e-25  1625.9497
 1996.817846  3.3550e-28  3139.6546
 1997.701026  1.3470e-31  4769.3603
 1999.130541  5.4330e-25  1517.8265
 2001.237803  4.8640e-28  3054.5099
 2001.901473  1.7210e-31  4706.9051
 2003.735233  8.7230e-25  1413.3947
 2005.627142  6.9130e-28  2973.0441
 2006.070469  2.1510e-31  4648.1114
 2008.310001  1.3730e-24  1312.6581
 2009.985723  9.6280e-28  2895.2603
 2010.207877  2.6290e-31  4592.9815
 2012.854703  2.1210e-24  1215.6204
 2014.313410  1.3140e-27  2821.1614
 2014.313556  3.1420e-31  4541.5174
 2017.369203  3.2110e-24  1122.2854
 2018.387369  3.6660e-31  4493.7213
 2018.610061  1.7560e-27  2750.7503
 2021.853362  4.7680e-24  1032.6565
 2022.429175  4.1720e-31  4449.5947
 2022.875539  2.2990e-27  2684.0295
 2026.307041  6.9390e-24   946.7370
 2026.438835  4.6270e-31  4409.1395
 2027.109705  2.9450e-27  2621.0017
 2030.416210  4.9880e-31  4372.3572
 2030.730101  9.8980e-24   864.5302
 2031.312418  3.6910e-27  2561.6690
 2034.361160  5.2180e-31  4339.2491
 2035.122404  1.3840e-23   786.0390
 2035.483542  4.5240e-27  2506.0339
 2038.273547  5.2780e-31  4309.8166
 2039.483810  1.8940e-23   711.2665
 2039.622935  5.4170e-27  2454.0983
 2042.153231  5.1370e-31  4284.0607
 2043.730459  6.3350e-27  2405.8643
 2043.814181  2.5390e-23   640.2153
 2046.000072  4.7760e-31  4261.9823
 2047.805974  7.2250e-27  2361.3336
 2048.113377  3.3340e-23   572.8883
 2049.813931  4.1860e-31  4243.5824
 2051.849342  8.0250e-27  2320.5079
 2052.381259  4.2840e-23   509.2878
 2053.594668  3.3780e-31  4228.8617
 2055.860422  8.6680e-27  2283.3887
 2056.617688  5.3830e-23   449.4162
 2057.342144  2.3800e-31  4217.8207
 2059.839075  9.0820e-27  2249.9775
 2060.822526  6.6130e-23   393.2758
 2061.056219  1.2360e-31  4210.4597
 2063.785163  9.1980e-27  2220.2755
 2064.995631  7.9390e-23   340.8687
 2067.698544  8.9630e-27  2194.2838
 2068.383610  1.2630e-31  4206.7792
 2069.136866  9.3030e-23   292.1967
 2071.579081  8.3400e-27  2172.0034
 2071.996646  2.4860e-31  4210.4597
 2073.246090  1.0630e-22   247.2618
 2075.426632  7.3170e-27  2153.4351
 2075.575723  3.6040e-31  4217.8207
 2077.323165  1.1830e-22   206.0656
 2079.120701  4.5640e-31  4228.8617
 2079.241060  5.9090e-27  2138.5796
 2081.367951  1.2800e-22   168.6096
 2082.631442  5.3200e-31  4243.5824
 2083.022223  4.1670e-27  2127.4375
 2085.380307  1.3430e-22   134.8952
 2086.107806  5.8490e-31  4261.9823
 2086.769984  2.1640e-27  2120.0092
 2089.360096  1.3620e-22   104.9237
 2089.549652  6.1410e-31  4284.0607
 2092.956843  6.2030e-31  4309.8166
 2093.307176  1.3290e-22    78.6962
 2094.164736  2.2120e-27  2116.2950
 2096.329237  6.0590e-31  4339.2491
 2097.221409  1.2380e-22    56.2137
 2097.811449  4.3530e-27  2120.0092
 2099.666696  5.7420e-31  4372.3572
 2101.102655  1.0870e-22    37.4769
 2101.424201  6.3100e-27  2127.4375
 2102.969081  5.2920e-31  4409.1395
 2104.950775  8.7840e-23    22.4867
 2105.002852  7.9850e-27  2138.5796
 2106.236251  4.7510e-31  4449.5947
 2108.547262  9.3040e-27  2153.4351
 2108.765628  6.1980e-23    11.2436
 2109.468069  4.1600e-31  4493.7213
 2112.057292  1.0220e-26  2172.0034
 2112.547076  3.2200e-23     3.7479
 2112.664393  3.5570e-31  4541.5174
 2115.532803  1.0720e-26  2194.2838
 2115.825086  2.9730e-31  4592.9815
 2118.950008  2.4300e-31  4648.1114
 2118.973654  1.0820e-26  2220.2755
 2120.009196  3.2920e-23     0.0000
 2122.039019  1.9430e-31  4706.9051
 2122.379708  1.0550e-26  2249.9775
 2123.689589  6.4780e-23     3.7479
 2125.091981  1.5220e-31  4769.3603
 2125.750824  9.9860e-27  2283.3887
 2127.336018  9.3870e-23    11.2436
 2128.108755  1.1670e-31  4835.4748
 2129.086863  9.1880e-27  2320.5079
 2130.948344  1.1880e-22    22.4867
 2132.387686  8.2350e-27  2361.3336
 2134.526426  1.3830e-22    37.4769
 2135.653154  7.1980e-27  2405.8643
 2138.070127  1.5180e-22    56.2137
 2138.883127  6.1430e-27  2454.0983
 2141.579305  1.5910e-22    78.6962
 2142.077466  5.1220e-27  2506.0339
 2145.053823  1.6030e-22   104.9237
 2145.236032  4.1770e-27  2561.6690
 2148.358686  3.3320e-27  2621.0017
 2148.493540  1.5620e-22   134.8952
 2151.445290  2.6020e-27  2684.0295
 2151.898317  1.4760e-22   168.6096
 2154.495704  1.9890e-27  2750.7503
 2155.268015  1.3550e-22   206.0656
 2157.509788  1.4900e-27  2821.1614
 2158.602495  1.2130e-22   247.2618
 2160.487406  1.0930e-27  2895.2603
 2161.901617  1.0580e-22   292.1967
 2163.428417  7.8590e-28  2973.0441
 2165.165243  9.0110e-23   340.8687
 2166.332683  5.5390e-28  3054.5099
 2168.393234  7.4980e-23   393.2758
 2169.200066  3.8280e-28  3139.6546
 2171.585449  6.0990e-23   449.4162
 2172.030426  2.5930e-28  3228.4751
 2174.741752  4.8530e-23   509.2878
 2174.823626  1.7240e-28  3320.9681
 2177.579526  1.1230e-28  3417.1299
 2177.862002  3.7790e-23   572.8883
 2180.297989  7.1830e-29  3516.9571
 2180.946061  2.8810e-23   640.2153
 2182.978877  4.5070e-29  3620.4458
 2183.993790  2.1510e-23   711.2665
 2185.622050  2.7740e-29  3727.5922
 2187.005051  1.5730e-23   786.0390
 2188.227371  1.6760e-29  3838.3922
 2189.979704  1.1270e-23   864.5302
 2190.794701  9.9370e-30  3952.8417
 2192.917612  7.9170e-24   946.7370
 2193.323903  5.7790e-30  4070.9363
 2195.814839  3.3010e-30  4192.6717
 2195.818636  5.4510e-24  1032.6565
 2198.267370  1.8500e-30  4318.0432
 2198.682638  3.6790e-24  1122.2854
 2200.681360  1.0180e-30  4447.0461
 2201.509478  2.4350e-24  1215.6204
 2203.056670  5.5010e-31  4579.6755
 2204.299020  1.5810e-24  1312.6581
 2205.393163  2.9180e-31  4715.9265
 2207.051125  1.0060e-24  1413.3947
 2207.690700  1.5200e-31  4855.7939
 2209.765655  6.2850e-25  1517.8265
 2212.442472  3.8500e-25  1625.9497
 2215.081437  2.3150e-25  1737.7603
 2217.682413  1.3650e-25  1853.2539
 2220.245263  7.9030e-26  1972.4264
 2222.769849  4.4880e-26  2095.2733
 2225.256033  2.5030e-26  2221.7900
 2227.703678  1.3690e-26  2351.9718
 2230.112646  7.3560e-27  2485.8138
 2232.482801  3.8790e-27  2623.3111
 2234.814003  2.0080e-27  2764.4585
 2237.106117  1.0200e-27  2909.2507
 2239.359006  5.0910e-28  3057.6823
 2241.572532  2.4950e-28  3209.7478
 2243.746558  1.2010e-28  3365.4415
 2245.880948  5.6700e-29  3524.7577
 2247.975564  2.6310e-29  3687.6902
 2250.030270  1.1990e-29  3854.2331
 2252.044930  5.3650e-30  4024.3802
 2254.019406  2.3590e-30  4198.1250
 2255.953562  1.0180e-30  4375.4611
 2257.847261  4.3200e-31  4556.3819
 2259.700368  1.7990e-31  4740.8805
 3980.118668  1.3960e-31  3687.6902
 3986.631846  3.0250e-31  3524.7577
 3993.083602  6.4400e-31  3365.4415
 3999.473801  1.3460e-30  3209.7478
 4005.802308  2.7630e-30  3057.6823
 4012.068987  5.5690e-30  2909.2507
 4015.118417  1.4900e-31  3838.3922
 4018.273704  1.1020e-29  2764.4585
 4020.725559  2.4810e-31  3727.5922
 4024.416321  2.1410e-29  2623.3111
 4026.269367  4.0530e-31  3620.4458
 4030.496704  4.0840e-29  2485.8138
 4031.749705  6.4960e-31  3516.9571
 4036.514716  7.6470e-29  2351.9718
 4037.166435  1.0210e-30  3417.1299
 4042.470219  1.4050e-28  2221.7900
 4042.519419  1.5750e-30  3320.9681
 4047.808519  2.3830e-30  3228.4751
 4048.363078  2.5360e-28  2095.2733
 4053.033596  3.5350e-30  3139.6546
 4054.193156  4.4890e-28  1972.4264
 4058.194513  5.1410e-30  3054.5099
 4059.960314  7.8010e-28  1853.2539
 4063.291131  7.3300e-30  2973.0441
 4065.664416  1.3300e-27  1737.7603
 4068.323311  1.0240e-29  2895.2603
 4071.305324  2.2250e-27  1625.9497
 4073.290915  1.4020e-29  2821.1614
 4076.882900  3.6530e-27  1517.8265
 4078.193805  1.8810e-29  2750.7503
 4082.397006  5.8820e-27  1413.3947
 4083.031840  2.4700e-29  2684.0295
 4087.804883  3.1750e-29  2621.0017
 4087.847504  9.2900e-27  1312.6581
 4092.512795  3.9930e-29  2561.6690
 4093.234257  1.4390e-26  1215.6204
 4097.155435  4.9110e-29  2506.0339
 4098.557125  2.1860e-26  1122.2854
 4101.732666  5.9020e-29  2454.0983
 4103.815970  3.2560e-26  1032.6565
 4106.244347  6.9260e-29  2405.8643
 4109.010653  4.7540e-26   946.7370
 4110.690341  7.9260e-29  2361.3336
 4114.141036  6.8030e-26   864.5302
 4115.070506  8.8360e-29  2320.5079
 4119.206980  9.5390e-26   786.0390
 4119.384704  9.5790e-29  2283.3887
 4123.632796  1.0070e-28  2249.9775
 4124.208346  1.3100e-25   711.2665
 4127.814642  1.0240e-28  2220.2755
 4129.144995  1.7630e-25   640.2153
 4131.930102  1.0020e-28  2194.2838
 4134.016787  2.3220e-25   572.8883
 4135.979037  9.3540e-29  2172.0034
 4138.823585  2.9940e-25   509.2878
 4139.961308  8.2370e-29  2153.4351
 4143.565247  3.7760e-25   449.4162
 4143.876775  6.6790e-29  2138.5796
 4147.725298  4.7280e-29  2127.4375
 4148.241635  4.6560e-25   393.2758
 4151.506738  2.4650e-29  2120.0092
 4152.852610  5.6080e-25   340.8687
 4157.398032  6.5960e-25   292.1967
 4158.867811  2.5390e-29  2116.2950
 4161.877762  7.5640e-25   247.2618
 4162.447164  5.0170e-29  2120.0092
 4165.958877  7.3020e-29  2127.4375
 4166.291660  8.4490e-25   206.0656
 4169.402808  9.2780e-29  2138.5796
 4170.639586  9.1740e-25   168.6096
 4172.778819  1.0850e-28  2153.4351
 4174.921401  9.6620e-25   134.8952
 4176.086771  1.1970e-28  2172.0034
 4179.136966  9.8370e-25   104.9237
 4179.326523  1.2610e-28  2194.2838
 4182.497937  1.2780e-28  2220.2755
 4183.286141  9.6330e-25    78.6962
 4185.600872  1.2520e-28  2249.9775
 4187.368786  9.0070e-25    56.2137
 4188.635191  1.1900e-28  2283.3887
 4191.384762  7.9390e-25    37.4769
 4191.600752  1.0990e-28  2320.5079
 4194.497417  9.8930e-29  2361.3336
 4195.333929  6.4420e-25    22.4867
 4197.325047  8.6840e-29  2405.8643
 4199.216147  4.5620e-25    11.2436
 4200.083503  7.4440e-29  2454.0983
 4202.772645  6.2340e-29  2506.0339
 4203.031277  2.3800e-25     3.7479
 4205.392333  5.1060e-29  2561.6690
 4207.942430  4.0910e-29  2621.0017
 4210.422796  3.2090e-29  2684.0295
 4210.459715  2.4530e-25     0.0000
 4212.833291  2.4640e-29  2750.7503
 4214.072743  4.8460e-25     3.7479
 4215.173778  1.8540e-29  2821.1614
 4217.444116  1.3660e-29  2895.2603
 4217.618125  7.0500e-25    11.2436
 4219.644167  9.8700e-30  2973.0441
 4221.095721  8.9540e-25    22.4867
 4221.773793  6.9890e-30  3054.5099
 4223.832853  4.8520e-30  3139.6546
 4224.505392  1.0470e-24    37.4769
 4225.821210  3.3030e-30  3228.4751
 4227.738725  2.2050e-30  3320.9681
 4227.846998  1.1540e-24    56.2137
 4229.585259  1.4440e-30  3417.1299
 4231.120400  1.2140e-24    78.6962
 4231.360673  9.2790e-31  3516.9571
 4233.064828  5.8490e-31  3620.4458
 4234.325458  1.2290e-24   104.9237
 4234.697587  3.6180e-31  3727.5922
 4236.258809  2.1960e-31  3838.3922
 4237.462034  1.2030e-24   134.8952
 4237.748357  1.3080e-31  3952.8417
 4240.529988  1.1410e-24   168.6096
 4243.529181  1.0530e-24   206.0656
 4246.459474  9.4620e-25   247.2618
 4249.320727  8.2910e-25   292.1967
 4252.112802  7.0920e-25   340.8687
 4254.835559  5.9270e-25   393.2758
 4257.488860  4.8420e-25   449.4162
 4260.072566  3.8700e-25   509.2878
 4262.586538  3.0270e-25   572.8883
 4265.030637  2.3180e-25   640.2153
 4267.404725  1.7390e-25   711.2665
 4269.708663  1.2780e-25   786.0390
 4271.942312  9.1980e-26   864.5302
 4274.105533  6.4900e-26   946.7370
 4276.198189  4.4890e-26  1032.6565
 4278.220141  3.0440e-26  1122.2854
 4280.171251  2.0250e-26  1215.6204
 4282.051380  1.3200e-26  1312.6581
 4283.860389  8.4470e-27  1413.3947
 4285.598142  5.3000e-27  1517.8265
 4287.264499  3.2630e-27  1625.9497
 4288.859322  1.9710e-27  1737.7603
 4290.382473  1.1680e-27  1853.2539
 4291.833815  6.7960e-28  1972.4264
 4293.213209  3.8790e-28  2095.2733
 4294.520518  2.1730e-28  2221.7900
 4295.755603  1.1950e-28  2351.9718
 4296.918326  6.4530e-29  2485.8138
 4298.008550  3.4200e-29  2623.3111
 4299.026137  1.7790e-29  2764.4585
 4299.970948  9.0880e-30  2909.2507
 4300.842847  4.5580e-30  3057.6823
 4301.641694  2.2450e-30  3209.7478
 4302.367353  1.0860e-30  3365.4415
 4303.019685  5.1560e-31  3524.7577
 4303.598552  2.4050e-31  3687.6902
 4304.103816  1.1020e-31  3854.2331
 6074.014904  1.9620e-31  2485.8138
 6081.211753  3.6950e-31  2351.9718
 6088.312409  6.8290e-31  2221.7900
 6095.316735  1.2390e-30  2095.2733
 6102.224594  2.2070e-30  1972.4264
 6106.586378  1.0340e-31  2821.1614
 6109.035851  3.8560e-30  1853.2539
 6112.095460  1.3950e-31  2750.7503
 6115.750368  6.6140e-30  1737.7603
 6117.506009  1.8430e-31  2684.0295
 6122.368007  1.1130e-29  1625.9497
 6122.817888  2.3830e-31  2621.0017
 6128.030957  3.0150e-31  2561.6690
 6128.888632  1.8380e-29  1517.8265
 6133.145077  3.7310e-31  2506.0339
 6135.312105  2.9760e-29  1413.3947
 6138.160110  4.5100e-31  2454.0983
 6141.638289  4.7290e-29  1312.6581
 6143.075916  5.3240e-31  2405.8643
 6147.867044  7.3690e-29  1215.6204
 6147.892356  6.1300e-31  2361.3336
 6152.609291  6.8760e-31  2320.5079
 6153.998234  1.1270e-28  1122.2854
 6157.226582  7.4990e-31  2283.3887
 6160.031720  1.6880e-28  1032.6565
 6161.744089  7.9340e-31  2249.9775
 6165.967363  2.4790e-28   946.7370
 6166.161673  8.1150e-31  2220.2755
 6170.479195  7.9860e-31  2194.2838
 6171.805025  3.5680e-28   864.5302
 6174.696514  7.5050e-31  2172.0034
 6177.544493  5.0350e-28   786.0390
 6178.813493  6.6500e-31  2153.4351
 6182.829990  5.4250e-31  2138.5796
 6183.185747  6.9580e-28   711.2665
 6186.745867  3.8640e-31  2127.4375
 6188.728791  9.4200e-28   640.2153
 6190.560984  2.0270e-31  2120.0092
 6194.173089  1.2490e-27   572.8883
 6197.888380  2.1150e-31  2116.2950
 6199.518694  1.6190e-27   509.2878
 6201.400380  4.2050e-31  2120.0092
 6204.765623  2.0550e-27   449.4162
 6204.811061  6.1580e-31  2127.4375
 6208.120285  7.8740e-31  2138.5796
 6209.913477  2.5500e-27   393.2758
 6211.327912  9.2690e-31  2153.4351
 6214.433802  1.0290e-30  2172.0034
 6214.962297  3.0900e-27   340.8687
 6217.437816  1.0910e-30  2194.2838
 6219.911868  3.6580e-27   292.1967
 6220.339815  1.1120e-30  2220.2755
 6223.139658  1.0970e-30  2249.9775
 6224.762000  4.2210e-27   247.2618
 6225.837206  1.0490e-30  2283.3887
 6228.432320  9.7500e-31  2320.5079
 6229.512824  4.7440e-27   206.0656
 6230.924861  8.8320e-31  2361.3336
 6233.314689  7.8030e-31  2405.8643
 6234.163832  5.1840e-27   168.6096
 6235.601665  6.7310e-31  2454.0983
 6237.785649  5.6740e-31  2506.0339
 6238.715097  5.4950e-27   134.8952
 6239.866502  4.6770e-31  2561.6690
 6241.844085  3.7720e-31  2621.0017
 6243.166413  5.6300e-27   104.9237
 6243.718258  2.9770e-31  2684.0295
 6245.488883  2.3010e-31  2750.7503
 6247.155820  1.7420e-31  2821.1614
 6247.517664  5.5490e-27    78.6962
 6248.718929  1.2930e-31  2895.2603
 6251.768343  5.2210e-27    56.2137
 6255.919438  4.6310e-27    37.4769
 6259.969495  3.7820e-27    22.4867
 6263.919193  2.6960e-27    11.2436
 6267.768025  1.4160e-27     3.7479
 6275.162758  1.4770e-27     0.0000
 6278.708437  2.9380e-27     3.7479
 6282.152774  4.3030e-27    11.2436
 6285.495633  5.5010e-27    22.4867
 6288.736917  6.4740e-27    37.4769
 6291.876454  7.1830e-27    56.2137
 6294.914742  7.6080e-27    78.6962
 6297.849686  7.7520e-27   104.9237
 6300.683159  7.6350e-27   134.8952
 6303.414296  7.2940e-27   168.6096
 6306.043029  6.7740e-27   206.0656
 6308.569142  6.1260e-27   247.2618
 6310.992571  5.4040e-27   292.1967
 6313.313136  4.6530e-27   340.8687
 6315.530667  3.9140e-27   393.2758
 6317.645122  3.2200e-27   449.4162
 6319.656255  2.5910e-27   509.2878
 6321.563934  2.0400e-27   572.8883
 6323.368235  1.5720e-27   640.2153
 6325.068658  1.1870e-27   711.2665
 6326.665403  8.7810e-28   786.0390
 6328.157994  6.3630e-28   864.5302
 6329.547638  4.5210e-28   946.7370
 6330.831715  3.1480e-28  1032.6565
 6332.011021  2.1480e-28  1122.2854
 6333.086282  1.4380e-28  1215.6204
 6334.056705  9.4450e-29  1312.6581
 6334.923073  6.0830e-29  1413.3947
 6335.684093  3.8430e-29  1517.8265
 6336.340035  2.3810e-29  1625.9497
 6336.890760  1.4490e-29  1737.7603
 6337.336129  8.6430e-30  1853.2539
 6337.492111  1.3800e-31  2764.4585
 6337.676004  5.0610e-30  1972.4264
 6337.788114  2.6340e-31  2623.3111
 6337.910246  2.9090e-30  2095.2733
 6337.977790  4.9370e-31  2485.8138
 6338.038717  1.6410e-30  2221.7900
 6338.061278  9.0830e-31  2351.9718
 8176.818091  1.2840e-31  1215.6204
 8183.757549  2.0200e-31  1122.2854
 8190.565624  3.1150e-31  1032.6565
 8197.242176  4.7060e-31   946.7370
 8203.787067  6.9670e-31   864.5302
 8210.200160  1.0100e-30   786.0390
 8216.481315  1.4350e-30   711.2665
 8222.630394  1.9940e-30   640.2153
 8228.647258  2.7140e-30   572.8883
 8234.531768  3.6120e-30   509.2878
 8240.283785  4.7030e-30   449.4162
 8245.903171  5.9830e-30   393.2758
 8251.389785  7.4350e-30   340.8687
 8256.743489  9.0170e-30   292.1967
 8261.964144  1.0660e-29   247.2618
 8267.051609  1.2270e-29   206.0656
 8272.005746  1.3730e-29   168.6096
 8276.826415  1.4890e-29   134.8952
 8281.513477  1.5610e-29   104.9237
 8286.066792  1.5740e-29    78.6962
 8290.486220  1.5140e-29    56.2137
 8294.771622  1.3730e-29    37.4769
 8298.922859  1.1460e-29    22.4867
 8302.939791  8.3440e-30    11.2436
 8306.822277  4.4740e-30     3.7479
 8314.183358  4.8690e-30     0.0000
 8317.661673  9.8820e-30     3.7479
 8321.004985  1.4770e-29    11.2436
 8324.213155  1.9250e-29    22.4867
 8327.286042  2.3110e-29    37.4769
 8330.223508  2.6140e-29    56.2137
 8333.025414  2.8220e-29    78.6962
 8335.691619  2.9300e-29   104.9237
 8338.221984  2.9410e-29   134.8952
 8340.616370  2.8620e-29   168.6096
 8342.874638  2.7060e-29   206.0656
 8344.996649  2.4920e-29   247.2618
 8346.982262  2.2380e-29   292.1967
 8348.831340  1.9610e-29   340.8687
 8350.543742  1.6790e-29   393.2758
 8352.119330  1.4050e-29   449.4162
 8353.557965  1.1500e-29   509.2878
 8354.859507  9.2080e-30   572.8883
 8356.023817  7.2180e-30   640.2153
 8357.050756  5.5400e-30   711.2665
 8357.940186  4.1650e-30   786.0390
 8358.691966  3.0680e-30   864.5302
 8359.305958  2.2140e-30   946.7370
 8359.734157  1.2990e-31  1625.9497
 8359.782024  1.5660e-30  1032.6565
 8360.088575  2.0640e-31  1517.8265
 8360.120023  1.0860e-30  1122.2854
 8360.304232  3.2190e-31  1413.3947
 8360.319817  7.3850e-31  1215.6204
 8360.381266  4.9230e-31  1312.6581
10273.550389  1.0410e-31   247.2618
10278.974593  1.0880e-31   206.0656
10284.231794  1.1030e-31   168.6096
10289.321853  1.0820e-31   134.8952
10294.244630  1.0230e-31   104.9237
