    3.705026  2.3540e-44  8414.4693
    3.740024  1.1100e-38  6350.4390
    3.775024  9.2330e-34  4260.0622
    3.810028  5.7060e-29  2143.2711
    3.845033  3.3000e-24     0.0000
    7.409906  1.8150e-43  8418.1743
    7.479900  8.6210e-38  6354.1791
    7.549901  7.1770e-33  4263.8372
    7.619908  4.4360e-28  2147.0811
    7.689920  2.5660e-23     3.8450
   11.114491  5.7600e-43  8425.5842
   11.219483  2.7700e-37  6361.6590
   11.324485  2.3090e-32  4271.3871
   11.429495  1.4280e-27  2154.7010
   11.534513  8.2560e-23    11.5350
   14.818636  1.2530e-42  8436.6987
   14.958626  6.1310e-37  6372.8785
   15.098628  5.1190e-32  4282.7116
   15.238641  3.1650e-27  2166.1305
   15.378665  1.8300e-22    23.0695
   18.522193  2.1890e-42  8451.5173
   18.697181  1.0960e-36  6387.8371
   18.872183  9.1720e-32  4297.8102
   19.047200  5.6740e-27  2181.3692
   19.222229  3.2800e-22    38.4481
   22.015052  1.2060e-45 10507.2675
   22.225016  3.2990e-42  8470.0395
   22.435001  1.7010e-36  6406.5343
   22.645004  1.4270e-31  4316.6824
   22.855024  8.8290e-27  2200.4164
   23.065059  5.1030e-22    57.6704
   25.681999  1.7340e-45 10529.2825
   25.926958  4.4530e-42  8492.2646
   26.171941  2.3770e-36  6428.9693
   26.416944  2.0000e-31  4339.3274
   26.661967  1.2390e-26  2223.2714
   26.907008  7.1580e-22    80.7354
   29.347919  2.3070e-45 10554.9645
   29.627872  5.5030e-42  8518.1915
   29.907852  3.0620e-36  6455.1412
   30.187856  2.5860e-31  4365.7443
   30.467882  1.6020e-26  2249.9334
   30.747928  9.2580e-22   107.6424
   33.012663  2.8840e-45 10584.3125
   33.327611  6.3150e-42  8547.8194
   33.642589  3.6900e-36  6485.0491
   33.957594  3.1290e-31  4395.9322
   34.272623  1.9400e-26  2280.4012
   34.587674  1.1210e-21   138.3904
   36.676085  3.4190e-45 10617.3251
   37.026028  6.7910e-42  8581.1470
   37.376004  4.2000e-36  6518.6916
   37.726009  3.5790e-31  4429.8898
   38.076042  2.2210e-26  2314.6739
   38.426098  1.2820e-21   172.9780
   40.338040  3.8720e-45 10654.0012
   40.722977  6.8840e-42  8618.1730
   41.107951  4.5480e-36  6556.0676
   41.492957  3.8960e-31  4467.6158
   41.877992  2.4200e-26  2352.7499
   42.263054  1.3970e-21   211.4041
   44.418311  6.6050e-42  8658.8960
   44.838283  4.7090e-36  6597.1756
   45.258290  4.0580e-31  4509.1088
   45.678328  2.5230e-26  2394.6279
   46.098394  1.4560e-21   253.6672
   47.656956  4.4130e-45 10738.3376
   48.111883  6.0120e-42  8703.3143
   48.566854  4.6820e-36  6642.0139
   49.021861  4.0610e-31  4554.3670
   49.476902  2.5280e-26  2440.3062
   49.931973  1.4580e-21   299.7656
   51.313624  4.4720e-45 10785.9946
   51.803548  5.1980e-42  8751.4262
   52.293516  4.4830e-36  6690.5807
   52.783524  3.9160e-31  4603.3889
   53.273568  2.4410e-26  2489.7831
   53.763644  1.4070e-21   349.6975
   54.968238  4.3930e-45 10837.3082
   55.493157  4.2660e-42  8803.2297
   56.018124  4.1430e-36  6742.8742
   56.543133  3.6490e-31  4656.1724
   57.068180  2.2770e-26  2543.0567
   57.593260  1.3120e-21   403.4612
   59.180565  3.3190e-42  8858.7229
   59.740531  3.7040e-36  6798.8924
   60.300541  3.2900e-31  4712.7156
   60.860590  2.0570e-26  2600.1249
   61.420675  1.1850e-21   461.0544
   62.865626  2.4390e-42  8917.9035
   63.460590  3.2080e-36  6858.6329
   64.055601  2.8770e-31  4773.0161
   64.650653  1.8020e-26  2660.9855
   65.245742  1.0370e-21   522.4751
   65.918283  3.5100e-45 11013.1678
   66.548192  1.6830e-42  8980.7691
   67.178156  2.6950e-36  6922.0935
   67.808168  2.4420e-31  4837.0717
   68.438222  1.5320e-26  2725.6361
   69.068315  8.8170e-22   587.7209
   69.563211  3.0900e-45 11079.0861
   70.228118  1.0800e-42  9047.3173
   70.893081  2.1990e-36  6989.2717
   71.558095  2.0150e-31  4904.8799
   72.223151  1.2670e-26  2794.0743
   72.888248  7.2860e-22   656.7892
   73.205353  2.6540e-45 11148.6493
   73.905257  6.3500e-43  9117.5454
   74.605220  1.7440e-36  7060.1647
   75.305235  1.6170e-31  4976.4380
   76.005294  1.0190e-26  2866.2975
   76.705394  5.8580e-22   729.6774
   76.844561  2.2250e-45 11221.8546
   77.579463  3.3230e-43  9191.4507
   78.314427  1.3440e-36  7134.7700
   79.049443  1.2640e-31  5051.7432
   79.784505  7.9810e-27  2942.3028
   80.480689  1.8230e-45 11298.6992
   80.519608  4.5870e-22   806.3828
   81.250591  1.4650e-43  9269.0301
   82.020554  1.0090e-36  7213.0844
   82.790572  9.6210e-32  5130.7926
   83.560637  6.0930e-27  3022.0873
   84.113592  1.4590e-45 11379.1799
   84.330743  3.5000e-22   886.9024
   84.918493  4.7690e-44  9350.2807
   85.723458  7.3730e-37  7295.1049
   86.528477  7.1410e-32  5213.5832
   87.333544  4.5350e-27  3105.6479
   87.743123  1.1430e-45 11463.2935
   88.138653  2.6040e-22   971.2332
   88.583024  7.0450e-45  9435.1992
   89.422990  5.2470e-37  7380.8284
   90.263012  5.1690e-32  5300.1117
   91.103081  3.2930e-27  3192.9815
   91.943193  1.8900e-22  1059.3718
   93.119006  3.6390e-37  7470.2514
   93.994030  3.6520e-32  5390.3747
   94.869103  2.3340e-27  3284.0846
   95.744217  1.3390e-22  1151.3150
   95.901391  9.9780e-45  9616.0263
   96.811360  2.4600e-37  7563.3704
   97.721387  2.5180e-32  5484.3687
   98.631462  1.6160e-27  3378.9537
   99.541579  9.2660e-23  1247.0592
   99.554934  2.3810e-44  9711.9277
  100.499907  1.6210e-37  7660.1817
  101.444936  1.6950e-32  5582.0901
  102.390014  1.0920e-27  3477.5851
  103.204524  3.5400e-44  9811.4826
  103.335134  6.2620e-23  1346.6008
  104.184500  1.0410e-37  7760.6817
  105.164533  1.1150e-32  5683.5351
  106.144614  7.2150e-28  3579.9751
  106.850014  4.2070e-44  9914.6871
  107.124736  4.1360e-23  1449.9359
  107.864994  6.5210e-38  7864.8662
  108.880030  7.1670e-33  5788.6996
  109.895115  4.6590e-28  3686.1198
  110.491258  4.3590e-44 10021.5371
  110.910239  2.6700e-23  1557.0607
  111.541244  3.9820e-38  7972.7311
  112.591285  4.5010e-33  5897.5796
  113.641372  2.9410e-28  3796.0149
  114.128113  4.1010e-44 10132.0284
  114.691499  1.6850e-23  1667.9709
  115.213103  2.3710e-38  8084.2724
  116.298149  2.7630e-33  6010.1709
  117.383240  1.8150e-28  3909.6562
  117.760432  3.5850e-44 10246.1565
  118.468370  1.0400e-23  1782.6624
  118.880429  1.3760e-38  8199.4855
  120.000480  1.6580e-33  6126.4691
  121.120575  1.0960e-28  4027.0395
  121.388071  2.9520e-44 10363.9169
  122.240707  6.2820e-24  1901.1308
  122.543075  7.7830e-39  8318.3659
  123.698132  9.7320e-34  6246.4695
  124.853232  6.4750e-29  4148.1601
  125.010885  2.3100e-44 10485.3050
  126.008365  3.7120e-24  2023.3715
  126.200897  4.2890e-39  8440.9090
  127.390960  5.5850e-34  6370.1677
  128.581065  3.7420e-29  4273.0133
  128.628728  1.7290e-44 10610.3159
  129.771201  2.1460e-24  2149.3799
  129.853749  2.3020e-39  8567.1099
  131.078820  3.1350e-34  6497.5586
  132.241456  1.2440e-44 10738.9446
  132.303930  2.1170e-29  4401.5943
  133.501488  1.2030e-39  8696.9636
  133.529068  1.2140e-24  2279.1511
  134.761567  1.7210e-34  6628.6374
  135.848925  8.6300e-45 10871.1861
  136.021682  1.1720e-29  4533.8983
  137.143967  6.1160e-40  8830.4651
  137.281823  6.7250e-25  2412.6801
  138.439056  9.2410e-35  6763.3990
  139.450989  5.7890e-45 11007.0350
  139.734177  6.3490e-30  4669.9200
  140.781044  3.0230e-40  8967.6091
  141.029322  3.6470e-25  2549.9620
  142.111143  4.8540e-35  6901.8381
  143.047505  3.7620e-45 11146.4860
  143.441271  3.3680e-30  4809.6541
  144.412574  1.4510e-40  9108.3901
  144.771419  1.9370e-25  2690.9913
  145.777683  2.4950e-35  7043.9492
  146.638327  2.3740e-45 11289.5335
  147.142819  1.7490e-30  4953.0954
  148.038412  6.7510e-41  9252.8027
  148.507971  1.0070e-25  2835.7627
  149.438534  1.2540e-35  7189.7269
  150.838678  8.8970e-31  5100.2382
  151.658415  3.0430e-41  9400.8411
  152.238834  5.1280e-26  2984.2707
  153.093550  6.1670e-36  7339.1654
  154.528703  4.4310e-31  5251.0769
  155.272438  1.3250e-41  9552.4995
  155.963864  2.5580e-26  3136.5095
  156.742588  2.9670e-36  7492.2590
  158.212751  2.1610e-31  5405.6056
  158.880339  5.5590e-42  9707.7720
  159.682917  1.2500e-26  3292.4734
  160.385504  1.3960e-36  7649.0016
  161.890678  1.0320e-31  5563.8184
  162.481972  2.2390e-42  9866.6523
  163.395850  5.9840e-27  3452.1563
  164.022155  6.4250e-37  7809.3871
  165.562342  4.8300e-32  5725.7090
  166.077196  8.6110e-43 10029.1343
  167.102520  2.8060e-27  3615.5521
  167.652398  2.8920e-37  7973.4092
  169.227598  2.2140e-32  5891.2714
  169.665866  3.1390e-43 10195.2115
  170.802784  1.2900e-27  3782.6546
  171.276088  1.2730e-37  8141.0616
  172.886303  9.9360e-33  6060.4990
  173.247839  1.0720e-43 10364.8774
  174.496498  5.8080e-28  3953.4574
  174.893084  5.4780e-38  8312.3377
  176.538316  4.3690e-33  6233.3853
  176.822973  3.3740e-44 10538.1252
  178.183520  2.5630e-28  4127.9539
  178.503243  2.3040e-38  8487.2308
  180.183492  1.8820e-33  6409.9236
  181.863706  1.1090e-28  4306.1375
  182.106421  9.4730e-39  8665.7340
  183.821689  7.9410e-34  6590.1071
  185.536915  4.6990e-29  4488.0012
  185.702475  3.8050e-39  8847.8405
  187.452765  3.2820e-34  6773.9288
  189.203004  1.9520e-29  4673.5381
  189.291265  1.4920e-39  9033.5429
  191.076578  1.3290e-34  6961.3815
  192.861831  7.9510e-30  4862.7411
  192.872647  5.7150e-40  9222.8342
  194.692984  5.2710e-35  7152.4581
  196.446479  2.1350e-40  9415.7068
  196.513254  3.1740e-30  5055.6029
  198.301844  2.0480e-35  7347.1511
  200.012619  7.7770e-41  9612.1533
  200.157132  1.2420e-30  5252.1162
  201.903014  7.7930e-36  7545.4529
  203.570926  2.7600e-41  9812.1659
  203.793322  4.7650e-31  5452.2733
  205.496353  2.9050e-36  7747.3560
  207.121259  9.5370e-42 10015.7369
  207.421683  1.7920e-31  5656.0666
  209.081720  1.0600e-36  7952.8523
  210.663474  3.2040e-42 10222.8581
  211.042074  6.6050e-32  5863.4883
  212.658974  3.7900e-37  8161.9340
  214.197433  1.0450e-42 10433.5216
  214.654353  2.3870e-32  6074.5304
  216.227973  1.3270e-37  8374.5930
  217.722993  3.3020e-43 10647.7190
  218.258381  8.4590e-33  6289.1847
  219.788577  4.5460e-38  8590.8210
  221.240013  1.0090e-43 10865.4420
  221.854016  2.9380e-33  6507.4431
  223.340645  1.5250e-38  8810.6096
  224.748354  2.9700e-44 11086.6820
  225.441118  1.0010e-33  6729.2971
  226.884036  5.0060e-39  9033.9502
  228.247874  8.3910e-45 11311.4304
  229.019547  3.3410e-34  6954.7382
  230.418611  1.6080e-39  9260.8342
  231.738433  2.2610e-45 11539.6783
  232.589162  1.0940e-34  7183.7578
  233.944229  5.0530e-40  9491.2528
  236.149823  3.5090e-35  7416.3469
  237.460750  1.5530e-40  9725.1971
  239.701392  1.1040e-35  7652.4968
  240.968034  4.6640e-41  9962.6578
  243.243728  3.4040e-36  7892.1982
  244.465943  1.3690e-41 10203.6259
  246.776692  1.0290e-36  8135.4419
  247.954336  3.9240e-42 10448.0918
  250.300145  3.0470e-37  8382.2186
  251.433076  1.0980e-42 10696.0461
  253.813948  8.8480e-38  8632.5187
  254.902021  2.9950e-43 10947.4792
  257.317962  2.5170e-38  8886.3327
  258.361035  7.9610e-44 11202.3812
  260.812050  7.0180e-39  9143.6506
  261.809978  2.0590e-44 11460.7423
  264.296072  1.9170e-39  9404.4627
  265.248713  5.1770e-45 11722.5523
  267.769892  5.1280e-40  9668.7588
  268.677100  1.2630e-45 11987.8010
  271.233369  1.3440e-40  9936.5287
  274.686368  3.4470e-41 10207.7620
  278.128751  8.6570e-42 10482.4484
  281.560380  2.1280e-42 10760.5771
  284.981119  5.1150e-43 11042.1375
  288.390830  1.2030e-43 11327.1186
  291.789378  2.7630e-44 11615.5095
  295.176625  6.1990e-45 11907.2988
  298.552435  1.3580e-45 12202.4755
 1872.749309  2.4810e-31  6289.1847
 1878.321942  6.9360e-31  6074.5304
 1883.867662  1.9040e-30  5863.4883
 1889.386331  5.1360e-30  5656.0666
 1894.877809  1.3600e-29  5452.2733
 1900.341956  3.5390e-29  5252.1162
 1902.414114  2.2950e-31  6409.9236
 1905.778633  9.0410e-29  5055.6029
 1907.676341  5.3110e-31  6233.3853
 1911.187699  2.2680e-28  4862.7411
 1912.910247  1.2060e-30  6060.4990
 1916.569015  5.5880e-28  4673.5381
 1918.115690  2.6910e-30  5891.2714
 1921.922438  1.3510e-27  4488.0012
 1923.292528  5.8930e-30  5725.7090
 1927.247828  3.2100e-27  4306.1375
 1928.440618  1.2670e-29  5563.8184
 1932.545044  7.4870e-27  4127.9539
 1933.559820  2.6740e-29  5405.6056
 1937.813944  1.7140e-26  3953.4574
 1938.649989  5.5420e-29  5251.0769
 1943.054387  3.8530e-26  3782.6546
 1943.350369  1.6490e-31  6497.5586
 1943.710984  1.1270e-28  5100.2382
 1948.198254  2.9790e-31  6370.1677
 1948.266228  8.5020e-26  3615.5521
 1948.742660  2.2500e-28  4953.0954
 1953.015958  5.2820e-31  6246.4695
 1953.449328  1.8410e-25  3452.1563
 1953.744875  4.4090e-28  4809.6541
 1957.803336  9.1880e-31  6126.4691
 1958.603542  3.9150e-25  3292.4734
 1958.717485  8.4790e-28  4669.9200
 1962.560242  1.5680e-30  6010.1709
 1963.660347  1.6000e-27  4533.8983
 1963.728728  8.1690e-25  3136.5095
 1967.286532  2.6250e-30  5897.5796
 1968.573316  2.9640e-27  4401.5943
 1968.824743  1.6730e-24  2984.2707
 1971.982063  4.3130e-30  5788.6996
 1973.456249  5.3850e-27  4273.0133
 1973.891443  3.3620e-24  2835.7627
 1976.646689  6.9480e-30  5683.5351
 1978.309000  9.6000e-27  4148.1601
 1978.928684  6.6310e-24  2690.9913
 1981.280264  1.0980e-29  5582.0901
 1983.131428  1.6790e-26  4027.0395
 1983.936324  1.2830e-23  2549.9620
 1985.882645  1.7000e-29  5484.3687
 1987.923384  2.8810e-26  3909.6562
 1988.914218  2.4360e-23  2412.6801
 1990.453685  2.5830e-29  5390.3747
 1992.684726  4.8490e-26  3796.0149
 1993.862221  4.5390e-23  2279.1511
 1994.993239  3.8470e-29  5300.1117
 1997.415307  8.0040e-26  3686.1198
 1998.780191  8.2970e-23  2149.3799
 1999.501162  5.6150e-29  5213.5832
 2002.114985  1.2960e-25  3579.9751
 2003.667981  1.4880e-22  2023.3715
 2003.977307  8.0320e-29  5130.7926
 2006.783612  2.0560e-25  3477.5851
 2008.421529  1.1260e-28  5051.7432
 2008.525448  2.6160e-22  1901.1308
 2011.421043  3.2010e-25  3378.9537
 2012.833683  1.5450e-28  4976.4380
 2013.352446  4.5120e-22  1782.6624
 2016.027134  4.8820e-25  3284.0846
 2017.213621  2.0770e-28  4904.8799
 2018.148830  7.6330e-22  1667.9709
 2020.601738  7.3000e-25  3192.9815
 2021.561199  2.7320e-28  4837.0717
 2022.914455  1.2660e-21  1557.0607
 2025.144711  1.0700e-24  3105.6479
 2025.876269  3.5180e-28  4773.0161
 2027.649176  2.0600e-21  1449.9359
 2029.655904  1.5360e-24  3022.0873
 2030.158686  4.4310e-28  4712.7156
 2032.352848  3.2840e-21  1346.6008
 2034.135174  2.1600e-24  2942.3028
 2034.408303  5.4550e-28  4656.1724
 2037.025324  5.1340e-21  1247.0592
 2038.582374  2.9750e-24  2866.2975
 2038.624974  6.5590e-28  4603.3889
 2041.666460  7.8650e-21  1151.3150
 2042.808552  7.6990e-28  4554.3670
 2042.997357  4.0120e-24  2794.0743
 2046.276109  1.1810e-20  1059.3718
 2046.958891  8.8110e-28  4509.1088
 2047.379978  5.2960e-24  2725.6361
 2050.854126  1.7380e-20   971.2332
 2051.075844  9.8200e-28  4467.6158
 2051.730090  6.8380e-24  2660.9855
 2055.159265  1.0630e-27  4429.8898
 2055.400364  2.5040e-20   886.9024
 2056.047547  8.6360e-24  2600.1249
 2059.209006  1.1170e-27  4395.9322
 2059.914677  3.5350e-20   806.3828
 2060.332203  1.0660e-23  2543.0567
 2063.224922  1.1350e-27  4365.7443
 2064.396920  4.8850e-20   729.6774
 2064.583910  1.2850e-23  2489.7831
 2067.206865  1.1070e-27  4339.3274
 2068.802522  1.5110e-23  2440.3062
 2068.846945  6.6090e-20   656.7892
 2071.154689  1.0330e-27  4316.6824
 2072.987893  1.7340e-23  2394.6279
 2073.264607  8.7500e-20   587.7209
 2075.068247  9.0710e-28  4297.8102
 2077.139876  1.9360e-23  2352.7499
 2077.649758  1.1330e-19   522.4751
 2078.947391  7.3350e-28  4282.7116
 2081.258324  2.1000e-23  2314.6739
 2082.002253  1.4350e-19   461.0544
 2082.791976  5.1760e-28  4271.3871
 2085.343090  2.2100e-23  2280.4012
 2086.321945  1.7760e-19   403.4612
 2086.601854  2.6900e-28  4263.8372
 2089.394028  2.2460e-23  2249.9334
 2090.608687  2.1450e-19   349.6975
 2093.410991  2.1960e-23  2223.2714
 2094.116902  2.7500e-28  4260.0622
 2094.862333  2.5290e-19   299.7656
 2097.393832  2.0490e-23  2200.4164
 2097.821778  5.4110e-28  4263.8372
 2099.082735  2.9080e-19   253.6672
 2101.342404  1.8020e-23  2181.3692
 2101.491360  7.8380e-28  4271.3871
 2103.269747  3.2530e-19   211.4041
 2105.125500  9.9080e-28  4282.7116
 2105.256560  1.4580e-23  2166.1305
 2107.423222  3.5350e-19   172.9780
 2108.724053  1.1530e-27  4297.8102
 2109.136154  1.0300e-23  2154.7010
 2111.543014  3.7250e-19   138.3904
 2112.286871  1.2650e-27  4316.6824
 2112.981038  5.3540e-24  2147.0811
 2115.628975  3.7930e-19   107.6424
 2115.813807  1.3240e-27  4339.3274
 2119.304715  1.3340e-27  4365.7443
 2119.680959  3.7130e-19    80.7354
 2120.566089  5.4740e-24  2143.2711
 2122.759447  1.2980e-27  4395.9322
 2123.698818  3.4680e-19    57.6704
 2124.305963  1.0770e-23  2147.0811
 2126.177857  1.2250e-27  4429.8898
 2127.682406  3.0520e-19    38.4481
 2128.010540  1.5590e-23  2154.7010
 2129.559799  1.1240e-27  4467.6158
 2131.631576  2.4720e-19    23.0695
 2131.679673  1.9710e-23  2166.1305
 2132.905125  1.0040e-27  4509.1088
 2135.313215  2.2920e-23  2181.3692
 2135.546180  1.7460e-19    11.5350
 2136.213688  8.7430e-28  4554.3670
 2138.911020  2.5120e-23  2200.4164
 2139.426073  9.0830e-20     3.8450
 2139.485343  7.4310e-28  4603.3889
 2142.472940  2.6270e-23  2223.2714
 2142.719943  6.1720e-28  4656.1724
 2145.917341  5.0100e-28  4712.7156
 2145.998829  2.6430e-23  2249.9334
 2147.081134  9.2900e-20     0.0000
 2149.077390  3.9780e-28  4773.0161
 2149.488540  2.5690e-23  2280.4012
 2150.856008  1.8280e-19     3.8450
 2152.199945  3.0900e-28  4837.0717
 2152.941927  2.4210e-23  2314.6739
 2154.595583  2.6460e-19    11.5350
 2155.284858  2.3500e-28  4904.8799
 2156.358842  2.2170e-23  2352.7499
 2158.299712  3.3420e-19    23.0695
 2158.331984  1.7500e-28  4976.4380
 2159.739140  1.9770e-23  2394.6279
 2161.341176  1.2770e-28  5051.7432
 2161.968247  3.8840e-19    38.4481
 2163.082673  1.7180e-23  2440.3062
 2164.312288  9.1220e-29  5130.7926
 2165.601042  4.2530e-19    57.6704
 2166.389295  1.4570e-23  2489.7831
 2167.245173  6.3880e-29  5213.5832
 2169.197950  4.4440e-19    80.7354
 2169.658860  1.2070e-23  2543.0567
 2170.139686  4.3850e-29  5300.1117
 2172.758825  4.4650e-19   107.6424
 2172.891222  9.7780e-24  2600.1249
 2172.995681  2.9500e-29  5390.3747
 2175.813011  1.9460e-29  5484.3687
 2176.086233  7.7430e-24  2660.9855
 2176.283519  4.3350e-19   138.3904
 2178.591531  1.2590e-29  5582.0901
 2179.243748  5.9990e-24  2725.6361
 2179.771887  4.0790e-19   172.9780
 2181.331094  7.9860e-30  5683.5351
 2182.363620  4.5480e-24  2794.0743
 2183.223781  3.7290e-19   211.4041
 2184.031555  4.9700e-30  5788.6996
 2185.445703  3.3760e-24  2866.2975
 2186.639055  3.3190e-19   253.6672
 2186.692768  3.0330e-30  5897.5796
 2188.489851  2.4540e-24  2942.3028
 2189.314587  1.8160e-30  6010.1709
 2190.017563  2.8790e-19   299.7656
 2191.495919  1.7470e-24  3022.0873
 2191.896867  1.0670e-30  6126.4691
 2193.359157  2.4370e-19   349.6975
 2194.439462  6.1490e-31  6246.4695
 2194.463759  1.2190e-24  3105.6479
 2196.663693  2.0150e-19   403.4612
 2196.942226  3.4780e-31  6370.1677
 2197.393227  8.3380e-25  3192.9815
 2199.405015  1.9310e-31  6497.5586
 2199.931023  1.6270e-19   461.0544
 2200.284176  5.5870e-25  3284.0846
 2201.827683  1.0520e-31  6628.6374
 2203.136460  3.6700e-25  3378.9537
 2203.161001  1.2850e-19   522.4751
 2205.949934  2.3640e-25  3477.5851
 2206.353482  9.9270e-20   587.7209
 2208.724452  1.4930e-25  3579.9751
 2209.508319  7.5040e-20   656.7892
 2211.459869  9.2460e-26  3686.1198
 2212.625365  5.5530e-20   729.6774
 2214.156039  5.6160e-26  3796.0149
 2215.704476  4.0230e-20   806.3828
 2216.812816  3.3460e-26  3909.6562
 2218.745505  2.8550e-20   886.9024
 2219.430056  1.9550e-26  4027.0395
 2221.748306  1.9850e-20   971.2332
 2222.007612  1.1210e-26  4148.1601
 2224.545341  6.3060e-27  4273.0133
 2224.712734  1.3510e-20  1059.3718
 2227.043097  3.4800e-27  4401.5943
 2227.638643  9.0220e-21  1151.3150
 2229.500734  1.8850e-27  4533.8983
 2230.525888  5.9020e-21  1247.0592
 2231.918108  1.0020e-27  4669.9200
 2233.374323  3.7850e-21  1346.6008
 2234.295073  5.2240e-28  4809.6541
 2236.183803  2.3790e-21  1449.9359
 2236.631486  2.6740e-28  4953.0954
 2238.927200  1.3440e-28  5100.2382
 2238.954182  1.4670e-21  1557.0607
 2241.182072  6.6260e-29  5251.0769
 2241.685315  8.8650e-22  1667.9709
 2243.395957  3.2080e-29  5405.6056
 2244.377056  5.2550e-22  1782.6624
 2245.568710  1.5240e-29  5563.8184
 2247.029262  3.0550e-22  1901.1308
 2247.700187  7.1120e-30  5725.7090
 2249.641788  1.7420e-22  2023.3715
 2249.790242  3.2580e-30  5891.2714
 2251.838733  1.4650e-30  6060.4990
 2252.214487  9.7450e-23  2149.3799
 2253.845514  6.4700e-31  6233.3853
 2254.747216  5.3480e-23  2279.1511
 2255.810441  2.8060e-31  6409.9236
 2257.239829  2.8790e-23  2412.6801
 2257.733370  1.1950e-31  6590.1071
 2259.692183  1.5210e-23  2549.9620
 2262.104132  7.8830e-24  2690.9913
 2264.475532  4.0090e-24  2835.7627
 2266.806239  2.0010e-24  2984.2707
 2269.096108  9.8000e-25  3136.5095
 2271.344996  4.7130e-25  3292.4734
 2273.552757  2.2240e-25  3452.1563
 2275.719249  1.0300e-25  3615.5521
 2277.844326  4.6830e-26  3782.6546
 2279.927846  2.0900e-26  3953.4574
 2281.969664  9.1600e-27  4127.9539
 2283.969636  3.9410e-27  4306.1375
 2285.927619  1.6650e-27  4488.0012
 2287.843469  6.9040e-28  4673.5381
 2289.717042  2.8120e-28  4862.7411
 2291.548195  1.1240e-28  5055.6029
 2293.336784  4.4160e-29  5252.1162
 2295.082667  1.7030e-29  5452.2733
 2296.785698  6.4500e-30  5656.0666
 2298.445736  2.4000e-30  5863.4883
 2300.062637  8.7700e-31  6074.5304
 2301.636256  3.1480e-31  6289.1847
 2303.166452  1.1100e-31  6507.4431
 3970.718034  2.2640e-31  5252.1162
 3977.940024  5.7960e-31  5055.6029
 3985.099380  1.4570e-30  4862.7411
 3988.681183  1.2820e-31  5563.8184
 3992.195964  3.5980e-30  4673.5381
 3995.235519  2.7120e-31  5405.6056
 3999.229636  8.7230e-30  4488.0012
 4001.725809  5.6330e-31  5251.0769
 4006.200258  2.0760e-29  4306.1375
 4008.151913  1.1490e-30  5100.2382
 4013.107689  4.8540e-29  4127.9539
 4014.513688  2.2990e-30  4953.0954
 4019.951789  1.1140e-28  3953.4574
 4020.810991  4.5170e-30  4809.6541
 4026.732418  2.5100e-28  3782.6546
 4027.043680  8.7100e-30  4669.9200
 4028.392595  1.0050e-31  5683.5351
 4033.211613  1.6480e-29  4533.8983
 4033.449435  5.5510e-28  3615.5521
 4033.936141  1.5920e-31  5582.0901
 4039.314646  3.0610e-29  4401.5943
 4039.413489  2.4750e-31  5484.3687
 4040.102697  1.2050e-27  3452.1563
 4044.824495  3.7710e-31  5390.3747
 4045.352635  5.5770e-29  4273.0133
 4046.692065  2.5690e-27  3292.4734
 4050.169014  5.6330e-31  5300.1117
 4051.325438  9.9700e-29  4148.1601
 4053.217395  5.3740e-27  3136.5095
 4055.446900  8.2470e-31  5213.5832
 4057.232911  1.7490e-28  4027.0395
 4059.678545  1.1030e-26  2984.2707
 4060.658009  1.1830e-30  5130.7926
 4063.074909  3.0090e-28  3909.6562
 4065.802194  1.6640e-30  5051.7432
 4066.075373  2.2230e-26  2835.7627
 4068.851287  5.0800e-28  3796.0149
 4070.879311  2.2910e-30  4976.4380
 4072.407736  4.3970e-26  2690.9913
 4074.561902  8.4100e-28  3686.1198
 4075.889213  3.0900e-30  4904.8799
 4078.675491  8.5320e-26  2549.9620
 4080.206608  1.3650e-27  3579.9751
 4080.831756  4.0790e-30  4837.0717
 4084.878494  1.6250e-25  2412.6801
 4085.706792  5.2700e-30  4773.0161
 4085.785262  2.1740e-27  3477.5851
 4090.514176  6.6590e-30  4712.7156
 4091.016602  3.0350e-25  2279.1511
 4091.297718  3.3940e-27  3378.9537
 4095.253762  8.2250e-30  4656.1724
 4096.743830  5.1930e-27  3284.0846
 4097.089671  5.5630e-25  2149.3799
 4099.925403  9.9260e-30  4603.3889
 4102.123454  7.7900e-27  3192.9815
 4103.097556  1.0000e-24  2023.3715
 4104.528953  1.1690e-29  4554.3670
 4107.436444  1.1450e-26  3105.6479
 4109.040115  1.7640e-24  1901.1308
 4109.064265  1.3430e-29  4509.1088
 4112.682654  1.6500e-26  3022.0873
 4113.531195  1.5020e-29  4467.6158
 4114.917200  3.0520e-24  1782.6624
 4117.861938  2.3280e-26  2942.3028
 4117.929593  1.6330e-29  4429.8898
 4120.728658  5.1790e-24  1667.9709
 4122.259315  1.7210e-29  4395.9322
 4122.974151  3.2170e-26  2866.2975
 4126.474366  8.6170e-24  1557.0607
 4126.520213  1.7540e-29  4365.7443
 4128.019146  4.3530e-26  2794.0743
 4130.712142  1.7190e-29  4339.3274
 4132.154167  1.4060e-23  1449.9359
 4132.996778  5.7640e-26  2725.6361
 4134.834953  1.6080e-29  4316.6824
 4137.767916  2.2490e-23  1346.6008
 4137.906900  7.4690e-26  2660.9855
 4138.888500  1.4180e-29  4297.8102
 4142.749366  9.4640e-26  2600.1249
 4142.872637  1.1510e-29  4282.7116
 4143.315466  3.5260e-23  1247.0592
 4146.787216  8.1570e-30  4271.3871
 4147.524030  1.1720e-25  2543.0567
 4148.796673  5.4200e-23  1151.3150
 4150.632092  4.2560e-30  4263.8372
 4152.230745  1.4180e-25  2489.7831
 4154.211390  8.1640e-23  1059.3718
 4156.869364  1.6740e-25  2440.3062
 4158.112142  4.3850e-30  4260.0622
 4159.559472  1.2050e-22   971.2332
 4161.439741  1.9270e-25  2394.6279
 4161.747023  8.6610e-30  4263.8372
 4164.840773  1.7420e-22   886.9024
 4165.311613  1.2600e-29  4271.3871
 4165.941729  2.1590e-25  2352.7499
 4168.805764  1.5990e-29  4282.7116
 4170.055146  2.4680e-22   806.3828
 4170.375182  2.3520e-25  2314.6739
 4172.229329  1.8690e-29  4297.8102
 4174.739953  2.4830e-25  2280.4012
 4175.202446  3.4220e-22   729.6774
 4175.582162  2.0580e-29  4316.6824
 4178.864116  2.1640e-29  4339.3274
 4179.035895  2.5340e-25  2249.9334
 4180.282526  4.6460e-22   656.7892
 4182.075043  2.1880e-29  4365.7443
 4183.262861  2.4870e-25  2223.2714
 4185.214797  2.1380e-29  4395.9322
 4185.295240  6.1720e-22   587.7209
 4187.420705  2.3290e-25  2200.4164
 4188.283232  2.0270e-29  4429.8898
 4190.240441  8.0220e-22   522.4751
 4191.280199  1.8670e-29  4467.6158
 4191.509279  2.0560e-25  2181.3692
 4194.205553  1.6750e-29  4509.1088
 4195.117982  1.0190e-21   461.0544
 4195.528436  1.6700e-25  2166.1305
 4197.059147  1.4650e-29  4554.3670
 4199.478031  1.1840e-25  2154.7010
 4199.840834  1.2510e-29  4603.3889
 4199.927718  1.2660e-21   403.4612
 4202.550466  1.0430e-29  4656.1724
 4203.357916  6.1810e-26  2147.0811
 4204.669501  1.5350e-21   349.6975
 4205.187898  8.5070e-30  4712.7156
 4207.752983  6.7850e-30  4773.0161
 4209.343184  1.8160e-21   299.7656
 4210.245573  5.2950e-30  4837.0717
 4210.907967  6.3710e-26  2143.2711
 4212.665523  4.0450e-30  4904.8799
 4213.948622  2.0950e-21   253.6672
 4214.577840  1.2580e-25  2147.0811
 4215.012686  3.0260e-30  4976.4380
 4217.286914  2.2170e-30  5051.7432
 4218.177415  1.8300e-25  2154.7010
 4218.485666  2.3530e-21   211.4041
 4219.488062  1.5920e-30  5130.7926
 4221.615983  1.1200e-30  5213.5832
 4221.706546  2.3220e-25  2166.1305
 4222.954171  2.5670e-21   172.9780
 4223.670530  7.7210e-31  5300.1117
 4225.165085  2.7110e-25  2181.3692
 4225.651557  5.2200e-31  5390.3747
 4227.353988  2.7150e-21   138.3904
 4227.558918  3.4600e-31  5484.3687
 4228.552886  2.9840e-25  2200.4164
 4229.392465  2.2490e-31  5582.0901
 4231.152052  1.4330e-31  5683.5351
 4231.684972  2.7750e-21   107.6424
 4231.869803  3.1340e-25  2223.2714
 4235.115687  3.1660e-25  2249.9334
 4235.946976  2.7270e-21    80.7354
 4238.290394  3.0900e-25  2280.4012
 4240.139851  2.5570e-21    57.6704
 4241.393775  2.9240e-25  2314.6739
 4244.263453  2.2590e-21    38.4481
 4244.425684  2.6900e-25  2352.7499
 4247.385975  2.4090e-25  2394.6279
 4248.317632  1.8370e-21    23.0695
 4250.274500  2.1030e-25  2440.3062
 4252.302244  1.3030e-21    11.5350
 4253.091114  1.7920e-25  2489.7831
 4255.835670  1.4910e-25  2543.0567
 4256.217139  6.8020e-22     3.8450
 4258.508021  1.2130e-25  2600.1249
 4261.108022  9.6470e-26  2660.9855
 4263.635524  7.5080e-26  2725.6361
 4263.837197  7.0140e-22     0.0000
 4266.090383  5.7180e-26  2794.0743
 4267.542065  1.3850e-21     3.8450
 4268.472452  4.2640e-26  2866.2975
 4270.781585  3.1140e-26  2942.3028
 4271.176630  2.0140e-21    11.5350
 4273.017634  2.2280e-26  3022.0873
 4274.740746  2.5540e-21    23.0695
 4275.180455  1.5620e-26  3105.6479
 4277.269901  1.0730e-26  3192.9815
 4278.234264  2.9810e-21    38.4481
 4279.285826  7.2240e-27  3284.0846
 4281.228084  4.7680e-27  3378.9537
 4281.657040  3.2780e-21    57.6704
 4283.096528  3.0860e-27  3477.5851
 4284.891014  1.9580e-27  3579.9751
 4285.008925  3.4400e-21    80.7354
 4286.611394  1.2190e-27  3686.1198
 4288.257523  7.4370e-28  3796.0149
 4288.289774  3.4710e-21   107.6424
 4289.829253  4.4530e-28  3909.6562
 4291.326442  2.6150e-28  4027.0395
 4291.499439  3.3840e-21   138.3904
 4292.748942  1.5070e-28  4148.1601
 4294.096607  8.5170e-29  4273.0133
 4294.637774  3.1980e-21   172.9780
 4295.369292  4.7240e-29  4401.5943
 4296.566850  2.5710e-29  4533.8983
 4297.689135  1.3730e-29  4669.9200
 4297.704633  2.9370e-21   211.4041
 4298.736003  7.2000e-30  4809.6541
 4299.707306  3.7040e-30  4953.0954
 4300.602899  1.8710e-30  5100.2382
 4300.699869  2.6250e-21   253.6672
 4301.422637  9.2730e-31  5251.0769
 4302.166372  4.5130e-31  5405.6056
 4302.833960  2.1560e-31  5563.8184
 4303.425254  1.0110e-31  5725.7090
 4303.623335  2.2880e-21   299.7656
 4306.474886  1.9450e-21   349.6975
 4309.254375  1.6150e-21   403.4612
 4311.961655  1.3100e-21   461.0544
 4314.596582  1.0400e-21   522.4751
 4317.159007  8.0670e-22   587.7209
 4319.648786  6.1260e-22   656.7892
 4322.065772  4.5540e-22   729.6774
 4324.409820  3.3150e-22   806.3828
 4326.680783  2.3630e-22   886.9024
 4328.878516  1.6510e-22   971.2332
 4331.002873  1.1300e-22  1059.3718
 4333.053708  7.5760e-23  1151.3150
 4335.030876  4.9800e-23  1247.0592
 4336.934231  3.2090e-23  1346.6008
 4338.763628  2.0270e-23  1449.9359
 4340.518921  1.2560e-23  1557.0607
 4342.199965  7.6270e-24  1667.9709
 4343.806614  4.5430e-24  1782.6624
 4345.338724  2.6540e-24  1901.1308
 4346.796148  1.5210e-24  2023.3715
 4348.178742  8.5520e-25  2149.3799
 4349.486361  4.7170e-25  2279.1511
 4350.718859  2.5520e-25  2412.6801
 4351.876114  1.3550e-25  2549.9620
 4352.957935  7.0600e-26  2690.9913
 4353.964199  3.6100e-26  2835.7627
 4354.894762  1.8110e-26  2984.2707
 4355.749478  8.9170e-27  3136.5095
 4356.528202  4.3100e-27  3292.4734
 4357.230789  2.0440e-27  3452.1563
 4357.857094  9.5190e-28  3615.5521
 4358.406971  4.3510e-28  3782.6546
 4358.880275  1.9520e-28  3953.4574
 4359.276862  8.6010e-29  4127.9539
 4359.596585  3.7200e-29  4306.1375
 4359.839299  1.5800e-29  4488.0012
 4359.892647  1.6610e-31  5452.2733
 4360.004860  6.5880e-30  4673.5381
 4360.037160  4.2840e-31  5252.1162
 4360.093120  2.6980e-30  4862.7411
 4360.103936  1.0850e-30  5055.6029
 6067.257555  2.2340e-31  4127.9539
 6075.676857  5.1540e-31  3953.4574
 6076.417604  1.1240e-31  4533.8983
 6083.710649  2.0990e-31  4401.5943
 6083.997668  1.1680e-30  3782.6546
 6090.903642  3.8450e-31  4273.0133
 6092.219850  2.5960e-30  3615.5521
 6097.996442  6.9140e-31  4148.1601
 6100.343262  5.6670e-30  3452.1563
 6104.988904  1.2200e-30  4027.0395
 6108.367764  1.2150e-29  3292.4734
 6111.880887  2.1100e-30  3909.6562
 6116.293215  2.5540e-29  3136.5095
 6118.672245  3.5820e-30  3796.0149
 6124.119475  5.2740e-29  2984.2707
 6125.362836  5.9630e-30  3686.1198
 6131.846401  1.0680e-28  2835.7627
 6131.952515  9.7380e-30  3579.9751
 6138.441139  1.5600e-29  3477.5851
 6139.473852  2.1250e-28  2690.9913
 6139.972194  1.1830e-31  4554.3670
 6144.828562  2.4480e-29  3378.9537
 6144.892444  1.3670e-31  4509.1088
 6147.001686  4.1460e-28  2549.9620
 6149.709316  1.5380e-31  4467.6158
 6151.114640  3.7670e-29  3284.0846
 6154.422662  1.6820e-31  4429.8898
 6154.429760  7.9400e-28  2412.6801
 6157.299229  5.6850e-29  3192.9815
 6159.032337  1.7830e-31  4395.9322
 6161.757932  1.4920e-27  2279.1511
 6163.382182  8.4060e-29  3105.6479
 6163.538194  1.8280e-31  4365.7443
 6167.940087  1.8030e-31  4339.3274
 6168.986057  2.7510e-27  2149.3799
 6169.363355  1.2180e-28  3022.0873
 6172.237868  1.6970e-31  4316.6824
 6175.242603  1.7290e-28  2942.3028
 6176.114000  4.9740e-27  2023.3715
 6176.431391  1.5050e-31  4297.8102
 6180.520510  1.2290e-31  4282.7116
 6181.019795  2.4030e-28  2866.2975
 6183.141570  8.8250e-27  1901.1308
 6186.694637  3.2710e-28  2794.0743
 6190.068725  1.5360e-26  1782.6624
 6192.267335  4.3580e-28  2725.6361
 6196.895230  2.6200e-26  1667.9709
 6197.737423  5.6810e-28  2660.9855
 6202.854504  1.3950e-31  4271.3871
 6203.104895  7.2420e-28  2600.1249
 6203.620948  4.3860e-26  1557.0607
 6206.208679  1.7820e-31  4282.7116
 6208.369461  9.0240e-28  2543.0567
 6209.457274  2.0950e-31  4297.8102
 6210.245763  7.1990e-26  1449.9359
 6212.600143  2.3220e-31  4316.6824
 6213.531242  1.0980e-27  2489.7831
 6215.637138  2.4560e-31  4339.3274
 6216.769557  1.1580e-25  1346.6008
 6218.568112  2.4990e-31  4365.7443
 6218.589748  1.3040e-27  2440.3062
 6221.392919  2.4570e-31  4395.9322
 6223.192140  1.8270e-25  1247.0592
 6223.545119  1.5100e-27  2394.6279
 6224.111411  2.3430e-31  4429.8898
 6226.723441  2.1730e-31  4467.6158
 6228.397089  1.7030e-27  2352.7499
 6229.228862  1.9620e-31  4509.1088
 6229.513368  2.8270e-25  1151.3150
 6231.627528  1.7270e-31  4554.3670
 6233.145526  1.8660e-27  2314.6739
 6233.919291  1.4840e-31  4603.3889
 6235.733098  4.2840e-25  1059.3718
 6236.104004  1.2460e-31  4656.1724
 6237.790261  1.9830e-27  2280.4012
 6241.851218  6.3600e-25   971.2332
 6242.331155  2.0370e-27  2249.9334
 6246.768175  2.0110e-27  2223.2714
 6247.867513  9.2530e-25   886.9024
 6251.100895  1.8950e-27  2200.4164
 6253.781898  1.3180e-24   806.3828
 6255.329532  1.6840e-27  2181.3692
 6259.453727  1.3760e-27  2166.1305
 6259.594212  1.8400e-24   729.6774
 6263.473213  9.8170e-28  2154.7010
 6265.304308  2.5140e-24   656.7892
 6267.388043  5.1560e-28  2147.0811
 6270.912047  3.3600e-24   587.7209
 6274.903207  5.3820e-28  2143.2711
 6276.417256  4.3940e-24   522.4751
 6278.503029  1.0700e-27  2147.0811
 6281.819773  5.6190e-24   461.0544
 6281.997688  1.5660e-27  2154.7010
 6285.386843  1.9990e-27  2166.1305
 6287.119539  7.0220e-24   403.4612
 6288.670386  2.3500e-27  2181.3692
 6291.848208  2.6020e-27  2200.4164
 6292.316330  8.5690e-24   349.6975
 6294.920111  2.7510e-27  2223.2714
 6297.410000  1.0200e-23   299.7656
 6297.886023  2.7970e-27  2249.9334
 6300.745763  2.7480e-27  2280.4012
 6302.400477  1.1850e-23   253.6672
 6303.499142  2.6160e-27  2314.6739
 6306.146093  2.4220e-27  2352.7499
 6307.287520  1.3390e-23   211.4041
 6308.686383  2.1830e-27  2394.6279
 6311.119977  1.9190e-27  2440.3062
 6312.071029  1.4700e-23   172.9780
 6313.446622  1.6460e-27  2489.7831
 6315.666195  1.3780e-27  2543.0567
 6316.750848  1.5650e-23   138.3904
 6317.778566  1.1290e-27  2600.1249
 6319.783685  9.0330e-28  2660.9855
 6321.326849  1.6100e-23   107.6424
 6321.681161  7.0750e-28  2725.6361
 6323.471020  5.4240e-28  2794.0743
 6325.153390  4.0710e-28  2866.2975
 6325.798857  1.5910e-23    80.7354
 6326.727362  2.9930e-28  2942.3028
 6328.193409  2.1560e-28  3022.0873
 6329.551265  1.5210e-28  3105.6479
 6330.166716  1.5020e-23    57.6704
 6330.800904  1.0520e-28  3192.9815
 6331.941703  7.1280e-29  3284.0846
 6332.973991  4.7360e-29  3378.9537
 6333.897463  3.0850e-29  3477.5851
 6334.430342  1.3360e-23    38.4481
 6334.711972  1.9710e-29  3579.9751
 6335.417372  1.2340e-29  3686.1198
 6336.013515  7.5840e-30  3796.0149
 6336.500257  4.5710e-30  3909.6562
 6336.877449  2.7020e-30  4027.0395
 6337.115032  1.4670e-31  4669.9200
 6337.144945  1.5680e-30  4148.1601
 6337.287789  2.7290e-31  4533.8983
 6337.302599  8.9190e-31  4273.0133
 6337.350262  4.9800e-31  4401.5943
 6338.589513  1.0930e-23    23.0695
 6342.644120  7.8050e-24    11.5350
 6346.594019  4.1020e-24     3.8450
 6354.179077  4.2860e-24     0.0000
 6357.813951  8.5190e-24     3.8450
 6361.343496  1.2470e-23    11.5350
 6364.767625  1.5910e-23    23.0695
 6368.086139  1.8700e-23    38.4481
 6371.298912  2.0700e-23    57.6704
 6374.405801  2.1860e-23    80.7354
 6377.406631  2.2210e-23   107.6424
 6380.301304  2.1790e-23   138.3904
 6383.089615  2.0740e-23   172.9780
 6385.771467  1.9170e-23   211.4041
 6388.346703  1.7250e-23   253.6672
 6390.815157  1.5130e-23   299.7656
 6393.176699  1.2950e-23   349.6975
 6395.431189  1.0820e-23   403.4612
 6397.578443  8.8440e-24   461.0544
 6399.618362  7.0630e-24   522.4751
 6401.550782  5.5190e-24   587.7209
 6403.375541  4.2190e-24   656.7892
 6405.092514  3.1580e-24   729.6774
 6406.701553  2.3140e-24   806.3828
 6407.338131  1.3350e-31  4488.0012
 6408.202500  1.6610e-24   886.9024
 6408.810713  3.1210e-31  4306.1375
 6409.595198  1.1680e-24   971.2332
 6410.171260  7.1670e-31  4127.9539
 6410.879558  8.0470e-25  1059.3718
 6411.419918  1.6160e-30  3953.4574
 6412.055352  5.4330e-25  1151.3150
 6412.556836  3.5760e-30  3782.6546
 6413.122503  3.5950e-25  1247.0592
 6413.582161  7.7700e-30  3615.5521
 6414.080824  2.3320e-25  1346.6008
 6414.496039  1.6570e-29  3452.1563
 6414.930182  1.4840e-25  1449.9359
 6415.298617  3.4700e-29  3292.4734
 6415.670438  9.2520e-26  1557.0607
 6415.990163  7.1310e-29  3136.5095
 6416.301440  5.6580e-26  1667.9709
 6416.570446  1.4380e-28  2984.2707
 6416.823044  3.3940e-26  1782.6624
 6417.040000  2.8470e-28  2835.7627
 6417.235084  1.9970e-26  1901.1308
 6417.398816  5.5310e-28  2690.9913
 6417.537471  1.1520e-26  2023.3715
 6417.647097  1.0550e-27  2549.9620
 6417.730002  6.5200e-27  2149.3799
 6417.785009  1.9730e-27  2412.6801
 6417.812474  3.6210e-27  2279.1511
 8171.272298  1.2270e-31  2835.7627
 8179.208924  1.0210e-31  3284.0846
 8180.194792  2.5290e-31  2690.9913
 8186.198414  1.5790e-31  3192.9815
 8188.982657  5.1130e-31  2549.9620
 8193.051269  2.3930e-31  3105.6479
 8197.635752  1.0140e-30  2412.6801
 8199.767345  3.5520e-31  3022.0873
 8206.153935  1.9720e-30  2279.1511
 8206.346497  5.1650e-31  2942.3028
 8212.788580  7.3520e-31  2866.2975
 8214.537065  3.7610e-30  2149.3799
 8219.093449  1.0240e-30  2794.0743
 8222.784997  7.0310e-30  2023.3715
 8225.260958  1.3970e-30  2725.6361
 8230.897591  1.2890e-29  1901.1308
 8231.290961  1.8630e-30  2660.9855
 8237.183314  2.4290e-30  2600.1249
 8238.874703  2.3170e-29  1782.6624
 8242.937870  3.0950e-30  2543.0567
 8246.716188  4.0820e-29  1667.9709
 8248.554482  3.8510e-30  2489.7831
 8254.033006  4.6750e-30  2440.3062
 8254.421903  7.0490e-29  1557.0607
 8259.373294  5.5320e-30  2394.6279
 8261.991704  1.1930e-28  1449.9359
 8264.575201  6.3710e-30  2352.7499
 8269.425448  1.9790e-28  1346.6008
 8269.638580  7.1300e-30  2314.6739
 8274.563284  7.7350e-30  2280.4012
 8276.722988  3.2170e-28  1247.0592
 8279.349167  8.1080e-30  2249.9334
 8283.884181  5.1230e-28  1151.3150
 8283.996082  8.1710e-30  2223.2714
 8288.503883  7.8570e-30  2200.4164
 8290.908881  7.9930e-28  1059.3718
 8292.872423  7.1190e-30  2181.3692
 8297.101555  5.9350e-30  2166.1305
 8297.796944  1.2210e-27   971.2332
 8301.191133  4.3170e-30  2154.7010
 8304.548223  1.8280e-27   886.9024
 8305.141009  2.3110e-30  2147.0811
 8311.162574  2.6770e-27   806.3828
 8312.621068  2.5050e-30  2143.2711
 8316.150958  5.0730e-30  2147.0811
 8317.639850  3.8400e-27   729.6774
 8319.540559  7.5610e-30  2154.7010
 8322.789724  9.8330e-30  2166.1305
 8323.979906  5.3880e-27   656.7892
 8325.898306  1.1770e-29  2181.3692
 8328.866158  1.3260e-29  2200.4164
 8330.182595  7.3970e-27   587.7209
 8331.693133  1.4270e-29  2223.2714
 8334.379085  1.4760e-29  2249.9334
 8336.247772  9.9300e-27   522.4751
 8336.923865  1.4750e-29  2280.4012
 8339.327328  1.4290e-29  2314.6739
 8341.589326  1.3460e-29  2352.7499
 8342.175289  1.3030e-26   461.0544
 8343.709712  1.2330e-29  2394.6279
 8345.688340  1.1020e-29  2440.3062
 8347.525062  9.6040e-30  2489.7831
 8347.965002  1.6700e-26   403.4612
 8349.219731  8.1750e-30  2543.0567
 8350.772201  6.8010e-30  2600.1249
 8352.182324  5.5320e-30  2660.9855
 8353.449953  4.4010e-30  2725.6361
 8353.616763  2.0900e-26   349.6975
 8354.574942  3.4270e-30  2794.0743
 8355.557143  2.6120e-30  2866.2975
 8356.396410  1.9500e-30  2942.3028
 8357.092594  1.4250e-30  3022.0873
 8357.645549  1.0210e-30  3105.6479
 8358.055128  7.1640e-31  3192.9815
 8358.256737  1.4220e-31  3579.9751
 8358.321184  4.9270e-31  3284.0846
 8358.422136  2.1950e-31  3477.5851
 8358.443569  3.3210e-31  3378.9537
 8359.130425  2.5510e-26   299.7656
 8364.505842  3.0350e-26   253.6672
 8369.742868  3.5130e-26   211.4041
 8374.841356  3.9500e-26   172.9780
 8379.801158  4.3050e-26   138.3904
 8384.622129  4.5310e-26   107.6424
 8389.304120  4.5840e-26    80.7354
 8393.846986  4.4250e-26    57.6704
 8398.250579  4.0230e-26    38.4481
 8402.514753  3.3650e-26    23.0695
 8406.639360  2.4550e-26    11.5350
 8410.624254  1.3180e-26     3.8450
 8418.174313  1.4360e-26     0.0000
 8421.739185  2.9140e-26     3.8450
 8425.163756  4.3520e-26    11.5350
 8428.447880  5.6690e-26    23.0695
 8431.591408  6.7930e-26    38.4481
 8434.594195  7.6690e-26    57.6704
 8437.456094  8.2590e-26    80.7354
 8440.176958  8.5500e-26   107.6424
 8442.756641  8.5510e-26   138.3904
 8445.194994  8.2880e-26   172.9780
 8445.416363  1.1060e-31  3452.1563
 8447.491873  7.8040e-26   211.4041
 8447.724082  2.2860e-31  3292.4734
 8449.647130  7.1520e-26   253.6672
 8449.885628  4.6360e-31  3136.5095
 8451.660619  6.3870e-26   299.7656
 8451.901148  9.2250e-31  2984.2707
 8453.532194  5.5650e-26   349.6975
 8453.770792  1.8020e-30  2835.7627
 8455.261706  4.7340e-26   403.4612
 8455.494706  3.4520e-30  2690.9913
 8456.849012  3.9350e-26   461.0544
 8457.073038  6.4920e-30  2549.9620
 8458.293962  3.1970e-26   522.4751
 8458.505937  1.1980e-29  2412.6801
 8459.596412  2.5410e-26   587.7209
 8459.793549  2.1670e-29  2279.1511
 8460.756215  1.9750e-26   656.7892
 8460.936021  3.8480e-29  2149.3799
 8461.773225  1.5030e-26   729.6774
 8461.933501  6.7010e-29  2023.3715
 8462.647294  1.1200e-26   806.3828
 8462.786136  1.1450e-28  1901.1308
 8463.378277  8.1690e-27   886.9024
 8463.494073  1.9170e-28  1782.6624
 8463.966027  5.8370e-27   971.2332
 8464.057458  3.1500e-28  1667.9709
 8464.410398  4.0860e-27  1059.3718
 8464.476439  5.0750e-28  1557.0607
 8464.711243  2.8030e-27  1151.3150
 8464.751161  8.0150e-28  1449.9359
 8464.868417  1.8840e-27  1247.0592
 8464.881771  1.2410e-27  1346.6008
10224.274083  1.3010e-31  2279.1511
10233.812149  2.3000e-31  2149.3799
10243.180012  3.9870e-31  2023.3715
10252.377528  6.7740e-31  1901.1308
10261.404556  1.1280e-30  1782.6624
10270.260953  1.8400e-30  1667.9709
10278.946576  2.9420e-30  1557.0607
10287.461283  4.6070e-30  1449.9359
10295.804929  7.0650e-30  1346.6008
10303.977371  1.0610e-29  1247.0592
10311.978465  1.5610e-29  1151.3150
10319.808066  2.2470e-29  1059.3718
10327.466031  3.1660e-29   971.2332
10334.952213  4.3640e-29   886.9024
10342.266468  5.8850e-29   806.3828
10349.408651  7.7600e-29   729.6774
10356.378616  1.0000e-28   656.7892
10363.176217  1.2600e-28   587.7209
10369.801309  1.5490e-28   522.4751
10376.253747  1.8600e-28   461.0544
10382.533383  2.1790e-28   403.4612
10388.640071  2.4870e-28   349.6975
10394.573666  2.7640e-28   299.7656
10400.334021  2.9880e-28   253.6672
10405.920990  3.1370e-28   211.4041
10411.334425  3.1930e-28   172.9780
10416.574180  3.1410e-28   138.3904
10421.640109  2.9770e-28   107.6424
10426.532065  2.7050e-28    80.7354
10431.249901  2.3370e-28    57.6704
10435.793470  1.8950e-28    38.4481
10440.162626  1.4080e-28    23.0695
10444.357221  9.0920e-29    11.5350
10448.377109  4.2990e-29     3.8450
10455.892174  3.5740e-29     0.0000
10459.387058  6.2760e-29     3.8450
10462.706648  8.0500e-29    11.5350
10465.850795  8.9300e-29    23.0695
10468.819353  9.0250e-29    38.4481
10471.612176  8.4940e-29    57.6704
10474.229116  7.5250e-29    80.7354
10476.670027  6.3070e-29   107.6424
10478.934762  5.0090e-29   138.3904
10481.023173  3.7640e-29   172.9780
10482.935115  2.6660e-29   211.4041
10483.889087  1.4320e-31  1782.6624
10484.670439  1.7660e-29   253.6672
10485.537395  2.0380e-31  1667.9709
10486.229000  1.0810e-29   299.7656
10487.006292  2.8040e-31  1557.0607
10487.610651  5.9720e-30   349.6975
10488.295926  3.7210e-31  1449.9359
10488.815244  2.8550e-30   403.4612
10489.406445  4.7420e-31  1346.6008
10489.842634  1.0750e-30   461.0544
10490.337995  5.7750e-31  1247.0592
10490.692672  2.4000e-31   522.4751
10491.090725  6.6740e-31  1151.3150
10491.664781  7.2440e-31  1059.3718
10492.060311  7.2650e-31   971.2332
10492.177214  2.9340e-31   729.6774
10492.277462  6.5500e-31   886.9024
10492.316381  5.0400e-31   806.3828
12247.652574  1.2390e-31  1901.1308
12257.729439  2.1010e-31  1782.6624
12267.600667  3.4930e-31  1667.9709
12277.266118  5.6940e-31  1557.0607
12286.725651  9.1010e-31  1449.9359
12295.979122  1.4260e-30  1346.6008
12305.026389  2.1890e-30  1247.0592
12313.867309  3.2940e-30  1151.3150
12322.501738  4.8560e-30  1059.3718
12330.929532  7.0140e-30   971.2332
12339.150547  9.9210e-30   886.9024
12347.165730  1.3740e-29   806.3828
12354.972240  1.8630e-29   729.6774
12362.571630  2.4730e-29   656.7892
12369.962100  3.2110e-29   587.7209
12377.147220  4.0770e-29   522.4751
12384.125850  5.0600e-29   461.0544
12390.895450  6.1360e-29   403.4612
12397.456420  7.2640e-29   349.6975
12403.810570  8.3890e-29   299.7656
12409.955680  9.4400e-29   253.6672
12415.892520  1.0340e-28   211.4041
12421.620890  1.1000e-28   172.9780
12427.140630  1.1340e-28   138.3904
12432.451190  1.1290e-28   107.6424
12437.553790  1.0810e-28    80.7354
12442.446090  9.8650e-29    57.6704
12447.129590  8.4830e-29    38.4481
12451.602600  6.7100e-29    23.0695
12455.870180  4.6290e-29    11.5350
12459.922340  2.3500e-29     3.8450
12467.402810  2.2870e-29     0.0000
12470.826680  4.3850e-29     3.8450
12474.042920  6.1870e-29    11.5350
12477.047670  7.6110e-29    23.0695
12479.841880  8.6120e-29    38.4481
12482.422970  9.1780e-29    57.6704
12483.331175  1.3950e-31  1557.0607
12484.795250  9.3280e-29    80.7354
12485.635640  2.3700e-31  1449.9359
12486.956200  9.1100e-29   107.6424
12487.725987  3.9440e-31  1346.6008
12488.907080  8.5920e-29   138.3904
12489.602363  6.4260e-31  1247.0592
12490.644770  7.8500e-29   172.9780
12491.264918  1.0250e-30  1151.3150
12492.171670  6.9660e-29   211.4041
12492.713799  1.6010e-30  1059.3718
12493.487370  6.0130e-29   253.6672
12493.949155  2.4470e-30   971.2332
12494.591310  5.0560e-29   299.7656
12494.971134  3.6620e-30   886.9024
12495.483088  4.1460e-29   349.6975
12495.779882  5.3610e-30   806.3828
12496.162816  3.3170e-29   403.4612
12496.375549  7.6820e-30   729.6774
12496.630347  2.5920e-29   461.0544
12496.758281  1.0770e-29   656.7892
12496.885533  1.9780e-29   522.4751
12496.928226  1.4760e-29   587.7209
14279.942846  1.3550e-31  1247.0592
14289.623505  1.9960e-31  1151.3150
14299.062677  2.8800e-31  1059.3718
14308.260220  4.0730e-31   971.2332
14317.215989  5.6440e-31   886.9024
14325.929842  7.6620e-31   806.3828
14334.401634  1.0190e-30   729.6774
14342.631223  1.3260e-30   656.7892
14350.618462  1.6910e-30   587.7209
14358.363207  2.1090e-30   522.4751
14365.865315  2.5730e-30   461.0544
14373.124639  3.0700e-30   403.4612
14380.141034  3.5790e-30   349.6975
14386.914355  4.0750e-30   299.7656
14393.444457  4.5240e-30   253.6672
14399.731193  4.8940e-30   211.4041
14405.774417  5.1480e-30   172.9780
14411.573983  5.2550e-30   138.3904
14417.129746  5.1880e-30   107.6424
14422.441559  4.9290e-30    80.7354
14427.509275  4.4740e-30    57.6704
14432.332748  3.8300e-30    38.4481
14436.911831  3.0210e-30    23.0695
14441.246377  2.0810e-30    11.5350
14445.336241  1.0570e-30     3.8450
14452.781331  1.0350e-30     0.0000
14456.136263  1.9960e-30     3.8450
14459.245925  2.8380e-30    11.5350
14462.110168  3.5250e-30    23.0695
14464.728847  4.0350e-30    38.4481
14467.101813  4.3590e-30    57.6704
14467.630256  1.3980e-31  1059.3718
14469.228920  4.5000e-30    80.7354
14469.705351  2.0290e-31   971.2332
14471.110019  4.4740e-30   107.6424
14471.532073  2.8880e-31   886.9024
14472.744965  4.3040e-30   138.3904
14473.110570  4.0320e-31   806.3828
14474.133609  4.0200e-30   172.9780
14474.440990  5.5180e-31   729.6774
14475.275804  3.6540e-30   211.4041
14475.523483  7.4050e-31   656.7892
14476.171402  3.2380e-30   253.6672
14476.358197  9.7390e-31   587.7209
14476.820256  2.8010e-30   299.7656
14476.945279  1.2550e-30   522.4751
14477.222219  2.3680e-30   349.6975
14477.284878  1.5840e-30   461.0544
14477.377142  1.9580e-30   403.4612
