    3.564356  4.5320e-41  6200.7705
    3.596881  2.7590e-36  4159.0247
    3.629409  1.2970e-31  2092.1216
    3.661939  5.7540e-27     0.0000
    7.063535  1.5790e-45  8220.9534
    7.128579  3.5260e-40  6204.3348
    7.193630  2.1470e-35  4162.6216
    7.258685  1.0100e-30  2095.7510
    7.323745  4.4790e-26     3.6619
   10.594969  5.0480e-45  8228.0169
   10.692536  1.1360e-39  6211.4634
   10.790112  6.9250e-35  4169.8152
   10.887695  3.2570e-30  2103.0097
   10.985285  1.4450e-25    10.9857
   14.126003  1.1090e-44  8238.6119
   14.256093  2.5230e-39  6222.1559
   14.386194  1.5400e-34  4180.6053
   14.516305  7.2450e-30  2113.8974
   14.646424  3.2130e-25    21.9710
   17.656505  1.9640e-44  8252.7379
   17.819117  4.5310e-39  6236.4120
   17.981743  2.7710e-34  4194.9915
   18.144382  1.3040e-29  2128.4137
   18.307032  5.7820e-25    36.6174
   21.186341  3.0110e-44  8270.3944
   21.381476  7.0680e-39  6254.2311
   21.576627  4.3320e-34  4212.9733
   21.771793  2.0390e-29  2146.5581
   21.966973  9.0400e-25    54.9244
   24.715378  4.1480e-44  8291.5807
   24.943035  9.9450e-39  6275.6126
   25.170711  6.1100e-34  4234.5499
   25.398405  2.8780e-29  2168.3299
   25.626114  1.2750e-24    76.8914
   28.243483  5.2520e-44  8316.2961
   28.503662  1.2910e-38  6300.5556
   28.763864  7.9560e-34  4259.7206
   29.024085  3.7490e-29  2193.7283
   29.284324  1.6610e-24   102.5175
   31.770522  6.2010e-44  8344.5396
   32.063224  1.5690e-38  6329.0593
   32.355951  9.7020e-34  4288.4845
   32.648699  4.5740e-29  2222.7523
   32.941468  2.0260e-24   131.8018
   35.296363  6.8920e-44  8376.3101
   35.621588  1.8030e-38  6361.1225
   35.946840  1.1190e-33  4320.8404
   36.272116  5.2810e-29  2255.4010
   36.597414  2.3380e-24   164.7433
   38.820872  7.2610e-44  8411.6065
   39.178620  1.9730e-38  6396.7441
   39.536397  1.2300e-33  4356.7872
   39.894200  5.8090e-29  2291.6732
   40.252028  2.5710e-24   201.3407
   42.343917  7.2850e-44  8450.4273
   42.734188  2.0680e-38  6435.9227
   43.124490  1.2950e-33  4396.3236
   43.514820  6.1210e-29  2331.5674
   43.905177  2.7080e-24   241.5927
   45.865364  6.9840e-44  8492.7712
   46.288158  2.0820e-38  6478.6569
   46.710985  1.3110e-33  4439.4481
   47.133843  6.2020e-29  2375.0822
   47.556729  2.7430e-24   285.4979
   49.385081  6.4140e-44  8538.6366
   49.840398  2.0210e-38  6524.9451
   50.295751  1.2800e-33  4486.1591
   50.751136  6.0630e-29  2422.2160
   51.206550  2.6810e-24   333.0546
   52.902934  5.6510e-44  8588.0217
   53.390775  1.8960e-38  6574.7855
   53.878653  1.2090e-33  4536.4549
   54.366565  5.7310e-29  2472.9672
   54.854508  2.5330e-24   384.2612
   56.418791  4.7810e-44  8640.9246
   56.939155  1.7230e-38  6628.1763
   57.459559  1.1060e-33  4590.3335
   57.979998  5.2500e-29  2527.3337
   58.500469  2.3190e-24   439.1157
   59.932519  3.8860e-44  8697.3434
   60.485407  1.5180e-38  6685.1154
   61.038336  9.8200e-34  4647.7931
   61.591302  4.6680e-29  2585.3137
   62.144302  2.0610e-24   497.6162
   63.443986  3.0330e-44  8757.2759
   64.029397  1.2990e-38  6745.6008
   64.614852  8.4720e-34  4708.8314
   65.200345  4.0330e-29  2646.9050
   65.785873  1.7800e-24   559.7605
   66.953058  2.2710e-44  8820.7199
   67.570993  1.0800e-38  6809.6302
   68.188973  7.1110e-34  4773.4463
   68.806993  3.3910e-29  2712.1054
   69.425049  1.4960e-24   625.5463
   70.459602  1.6280e-44  8887.6730
   71.110062  8.7420e-39  6877.2012
   71.760568  5.8110e-34  4841.6352
   72.411115  2.7760e-29  2780.9124
   73.061699  1.2240e-24   694.9714
   73.963487  1.1150e-44  8958.1326
   74.646471  6.8890e-39  6948.3113
   75.329503  4.6290e-34  4913.3958
   76.012577  2.2160e-29  2853.3235
   76.695688  9.7650e-25   768.0331
   77.464579  7.2620e-45  9032.0961
   78.180088  5.2900e-39  7022.9577
   78.895646  3.5950e-34  4988.7253
   79.611247  1.7250e-29  2929.3360
   80.326886  7.5970e-25   844.7288
   80.962747  4.4690e-45  9109.5606
   81.710781  3.9590e-39  7101.1378
   82.458865  2.7250e-34  5067.6210
   83.206993  1.3100e-29  3008.9473
   83.955159  5.7690e-25   925.0557
   84.457858  2.5740e-45  9190.5234
   85.238417  2.8910e-39  7182.8486
   86.019028  2.0160e-34  5150.0798
   86.799682  9.7210e-30  3092.1543
   87.580376  4.2780e-25  1009.0108
   87.949779  1.3660e-45  9274.9813
   88.762864  2.0590e-39  7268.0870
   89.576001  1.4570e-34  5236.0988
   90.389183  7.0450e-30  3178.9540
   91.202403  3.0990e-25  1096.5912
   92.283990  1.4310e-39  7356.8499
   93.129654  1.0290e-34  5325.6748
   93.975362  4.9900e-30  3269.3432
   94.821110  2.1940e-25  1187.7936
   95.801662  9.7120e-40  7449.1339
   96.679853  7.1030e-35  5418.8045
   97.558089  3.4560e-30  3363.3185
   98.436363  1.5190e-25  1282.6147
   99.315749  6.4350e-40  7544.9355
  100.226467  4.7940e-35  5515.4844
  101.137230  2.3410e-30  3460.8766
  102.048031  1.0290e-25  1381.0511
  102.826118  4.1630e-40  7644.2513
  103.769364  3.1640e-35  5615.7108
  104.712654  1.5510e-30  3562.0138
  105.655982  6.8140e-26  1483.0991
  106.332638  2.6310e-40  7747.0774
  107.308412  2.0430e-35  5719.4802
  108.284230  1.0060e-30  3666.7265
  109.260084  4.4170e-26  1588.7551
  109.835177  1.6230e-40  7853.4100
  110.843479  1.2910e-35  5826.7886
  111.851825  6.3830e-31  3775.0107
  112.860205  2.8030e-26  1698.0152
  113.333602  9.7820e-41  7963.2452
  114.374433  7.9800e-36  5937.6321
  115.415307  3.9660e-31  3886.8625
  116.456215  1.7410e-26  1810.8754
  116.827783  5.7570e-41  8076.5788
  117.901144  4.8290e-36  6052.0065
  118.974546  2.4130e-31  4002.2778
  120.047981  1.0600e-26  1927.3316
  120.317589  3.3080e-41  8193.4066
  121.423480  2.8610e-36  6169.9077
  122.529410  1.4380e-31  4121.2524
  123.635371  6.3140e-27  2047.3796
  123.802887  1.8560e-41  8313.7242
  124.941309  1.6590e-36  6291.3311
  126.079768  8.3900e-32  4243.7818
  127.218255  3.6860e-27  2171.0149
  127.283547  1.0160e-41  8437.5271
  128.454500  9.4230e-37  6416.2724
  129.625488  4.7970e-32  4369.8616
  130.759437  5.4280e-42  8564.8106
  130.796502  2.1080e-27  2298.2332
  131.962922  5.2400e-37  6544.7269
  133.166440  2.6870e-32  4499.4871
  134.230427  2.8280e-42  8695.5701
  134.369981  1.1810e-27  2429.0297
  135.466444  2.8530e-37  6676.6899
  136.702492  1.4750e-32  4632.6535
  137.696384  1.4360e-42  8829.8005
  137.938561  6.4890e-28  2563.3997
  138.964935  1.5220e-37  6812.1563
  140.233514  7.9350e-33  4769.3560
  141.157179  7.1060e-43  8967.4969
  141.502110  3.4930e-28  2701.3382
  142.458265  7.9480e-38  6951.1212
  143.759375  4.1840e-33  4909.5895
  144.612681  3.4220e-43  9108.6541
  145.060499  1.8440e-28  2842.8404
  145.946302  4.0660e-38  7093.5795
  147.279944  2.1620e-33  5053.3489
  148.062758  1.6020e-43  9253.2667
  148.613597  9.5380e-29  2987.9009
  149.428916  2.0370e-38  7239.5258
  150.795091  1.0950e-33  5200.6288
  151.507282  7.2870e-44  9401.3295
  152.161272  4.8380e-29  3136.5144
  152.905977  9.9940e-39  7388.9547
  154.304686  5.4390e-34  5351.4239
  154.946120  3.2130e-44  9552.8368
  155.703396  2.4070e-29  3288.6757
  156.377355  4.8030e-39  7541.8607
  157.808598  2.6480e-34  5505.7286
  158.379144  1.3700e-44  9707.7829
  159.239839  1.1740e-29  3444.3791
  159.842919  2.2600e-39  7698.2381
  161.306698  1.2640e-34  5663.5372
  161.806223  5.6390e-45  9866.1620
  162.770469  5.6160e-30  3603.6190
  163.302539  1.0410e-39  7858.0810
  164.798855  5.9160e-35  5824.8439
  166.295157  2.6350e-30  3766.3894
  166.756086  4.6980e-40  8021.3835
  168.284939  2.7150e-35  5989.6427
  169.813774  1.2120e-30  3932.6846
  170.203430  2.0750e-40  8188.1396
  171.764822  1.2220e-35  6157.9277
  173.326189  5.4730e-31  4102.4984
  173.644441  8.9720e-41  8358.3430
  175.238373  5.3900e-36  6329.6925
  176.832274  2.4240e-31  4275.8245
  177.078989  3.7960e-41  8531.9875
  178.705464  2.3320e-36  6504.9309
  180.331900  1.0530e-31  4452.6568
  180.506946  1.5720e-41  8709.0665
  182.165964  9.8950e-37  6683.6363
  183.824936  4.4870e-32  4632.9887
  183.928182  6.3650e-42  8889.5734
  185.619745  4.1170e-37  6865.8023
  187.311255  1.8760e-32  4816.8137
  187.342569  2.5210e-42  9073.5016
  189.066679  1.6790e-37  7051.4221
  190.749977  9.7570e-43  9260.8442
  190.790728  7.6970e-33  5004.1249
  192.506635  6.7180e-38  7240.4887
  194.150277  3.6900e-43  9451.5941
  194.263225  3.0990e-33  5194.9156
  195.939487  2.6350e-38  7432.9954
  197.543342  1.3630e-43  9645.7444
  197.728618  1.2240e-33  5389.1789
  199.365105  1.0130e-38  7628.9349
  200.929042  4.9110e-44  9843.2878
  201.186780  4.7440e-34  5586.9075
  202.783360  3.8200e-39  7828.3000
  204.307250  1.7260e-44 10044.2168
  204.637581  1.8040e-34  5788.0943
  206.194126  1.4120e-39  8031.0833
  207.677837  5.9050e-45 10248.5240
  208.080895  6.7330e-35  5992.7318
  209.597274  5.1170e-40  8237.2774
  211.040675  1.9660e-45 10456.2019
  211.516592  2.4660e-35  6200.8127
  212.992676  1.8170e-40  8446.8747
  214.944546  8.8620e-36  6412.3293
  216.380204  6.3250e-41  8659.8674
  218.364629  3.1250e-36  6627.2739
  219.759732  2.1570e-41  8876.2476
  221.776714  1.0820e-36  6845.6385
  223.131131  7.2090e-42  9096.0073
  225.180674  3.6730e-37  7067.4152
  226.494275  2.3600e-42  9319.1385
  228.576381  1.2240e-37  7292.5959
  229.849037  7.5630e-43  9545.6327
  231.963709  4.0030e-38  7521.1723
  233.195290  2.3730e-43  9775.4818
  235.342532  1.2840e-38  7753.1360
  236.532907  7.2880e-44 10008.6771
  238.712722  4.0430e-39  7988.4785
  239.861762  2.1890e-44 10245.2100
  242.074154  1.2490e-39  8227.1912
  243.181729  6.4310e-45 10485.0717
  245.426702  3.7850e-40  8469.2654
  248.770239  1.1250e-40  8714.6921
  252.104641  3.2810e-41  8963.4623
  255.429781  9.3830e-42  9215.5670
  258.745534  2.6320e-42  9470.9968
  262.051775  7.2370e-43  9729.7423
  265.348380  1.9510e-43  9991.7941
  268.635222  5.1560e-44 10257.1424
  271.912179  1.3350e-44 10525.7777
 1861.677398  2.1550e-31  5004.1249
 1866.822689  5.2650e-31  4816.8137
 1871.942162  1.2640e-30  4632.9887
 1877.035688  2.9820e-30  4452.6568
 1882.103141  6.9150e-30  4275.8245
 1887.144391  1.5760e-29  4102.4984
 1892.159310  3.5280e-29  3932.6846
 1892.950690  1.3210e-31  5200.6288
 1897.147769  7.7610e-29  3766.3894
 1897.772369  2.6420e-31  5053.3489
 1902.109640  1.6780e-28  3603.6190
 1902.566809  5.1920e-31  4909.5895
 1907.044792  3.5620e-28  3444.3791
 1907.333878  1.0030e-30  4769.3560
 1911.953098  7.4320e-28  3288.6757
 1912.073448  1.9000e-30  4632.6535
 1916.785387  3.5400e-30  4499.4871
 1916.834426  1.5230e-27  3136.5144
 1921.469566  6.4760e-30  4369.8616
 1921.688648  3.0660e-27  2987.9009
 1926.125854  1.1630e-29  4243.7818
 1926.515633  6.0650e-27  2842.8404
 1930.754119  2.0530e-29  4121.2524
 1931.315252  1.1780e-26  2701.3382
 1935.354232  3.5560e-29  4002.2778
 1936.087373  2.2470e-26  2563.3997
 1939.926060  6.0500e-29  3886.8625
 1940.831866  4.2100e-26  2429.0297
 1944.469472  1.0100e-28  3775.0107
 1945.548601  7.7460e-26  2298.2332
 1946.749764  9.9670e-32  5236.0988
 1948.984338  1.6570e-28  3666.7265
 1950.237446  1.3990e-25  2171.0149
 1951.058010  1.4540e-31  5150.0798
 1953.470525  2.6670e-28  3562.0138
 1954.898272  2.4820e-25  2047.3796
 1955.336787  2.0810e-31  5067.6210
 1957.927901  4.2120e-28  3460.8766
 1959.530945  4.3240e-25  1927.3316
 1959.585962  2.9200e-31  4988.7253
 1962.356336  6.5310e-28  3363.3185
 1963.805403  4.0190e-31  4913.3958
 1964.135335  7.3920e-25  1810.8754
 1966.755697  9.9370e-28  3269.3432
 1967.994978  5.4220e-31  4841.6352
 1968.711311  1.2410e-24  1698.0152
 1971.125852  1.4830e-27  3178.9540
 1972.154554  7.1700e-31  4773.4463
 1973.258740  2.0440e-24  1588.7551
 1975.466668  2.1720e-27  3092.1543
 1976.283999  9.2870e-31  4708.8314
 1977.777492  3.3060e-24  1483.0991
 1979.778015  3.1180e-27  3008.9473
 1980.383180  1.1780e-30  4647.7931
 1982.267434  5.2440e-24  1381.0511
 1984.059759  4.3920e-27  2929.3360
 1984.451964  1.4630e-30  4590.3335
 1986.728435  8.1650e-24  1282.6147
 1988.311768  6.0650e-27  2853.3235
 1988.490219  1.7790e-30  4536.4549
 1991.160362  1.2480e-23  1187.7936
 1992.497812  2.1130e-30  4486.1591
 1992.533910  8.2090e-27  2780.9124
 1995.563083  1.8700e-23  1096.5912
 1996.474609  2.4520e-30  4439.4481
 1996.726051  1.0890e-26  2712.1054
 1999.936466  2.7480e-23  1009.0108
 2000.420479  2.7770e-30  4396.3236
 2000.888060  1.4140e-26  2646.9050
 2004.280378  3.9610e-23   925.0557
 2004.335289  3.0650e-30  4356.7872
 2005.019803  1.7990e-26  2585.3137
 2008.218904  3.2920e-30  4320.8404
 2008.594687  5.5980e-23   844.7288
 2009.121149  2.2400e-26  2527.3337
 2012.071192  3.4310e-30  4288.4845
 2012.879261  7.7560e-23   768.0331
 2013.191963  2.7290e-26  2472.9672
 2015.892021  3.4590e-30  4259.7206
 2017.133966  1.0540e-22   694.9714
 2017.232113  3.2500e-26  2422.2160
 2019.681257  3.3570e-30  4234.5499
 2021.241466  3.7790e-26  2375.0822
 2021.358670  1.4010e-22   625.5463
 2023.438766  3.1120e-30  4212.9733
 2025.219890  4.2880e-26  2331.5674
 2025.553241  1.8260e-22   559.7605
 2027.164416  2.7220e-30  4194.9915
 2029.167250  4.7420e-26  2291.6732
 2029.717545  2.3280e-22   497.6162
 2030.858074  2.1940e-30  4180.6053
 2033.083415  5.1010e-26  2255.4010
 2033.851449  2.9070e-22   439.1157
 2034.519606  1.5440e-30  4169.8152
 2036.968251  5.3240e-26  2222.7523
 2037.954822  3.5490e-22   384.2612
 2038.148880  8.0110e-31  4162.6216
 2040.821624  5.3750e-26  2193.7283
 2042.027528  4.2360e-22   333.0546
 2044.643402  5.2220e-26  2168.3299
 2045.310117  8.1830e-31  4159.0247
 2046.069436  4.9360e-22   285.4979
 2048.433452  4.8470e-26  2146.5581
 2048.841815  1.6110e-30  4162.6216
 2050.080413  5.6120e-22   241.5927
 2052.191640  4.2430e-26  2128.4137
 2052.340722  2.3380e-30  4169.8152
 2054.060325  6.2170e-22   201.3407
 2055.806703  2.9640e-30  4180.6053
 2055.917833  3.4220e-26  2113.8974
 2058.009039  6.6980e-22   164.7433
 2059.239627  3.4600e-30  4194.9915
 2059.611897  2.4100e-26  2103.0097
 2061.926422  7.0010e-22   131.8018
 2062.639359  3.8120e-30  4212.9733
 2063.273701  1.2500e-26  2095.7510
 2065.812341  7.0780e-22   102.5175
 2066.005768  4.0120e-30  4234.5499
 2069.338719  4.0640e-30  4259.7206
 2069.666663  6.8840e-22    76.8914
 2070.499992  1.2780e-26  2092.1216
 2072.638079  3.9830e-30  4288.4845
 2073.489253  6.3960e-22    54.9244
 2074.064212  2.5160e-26  2095.7510
 2075.903716  3.7880e-30  4320.8404
 2077.279980  5.6040e-22    36.6174
 2077.595639  3.6490e-26  2103.0097
 2079.135496  3.5040e-30  4356.7872
 2081.038710  4.5220e-22    21.9710
 2081.094138  4.6240e-26  2113.8974
 2082.333287  3.1600e-30  4396.3236
 2084.559577  5.3950e-26  2128.4137
 2084.765310  3.1860e-22    10.9857
 2085.496955  2.7810e-30  4439.4481
 2087.991822  5.9390e-26  2146.5581
 2088.459646  1.6540e-22     3.6619
 2088.626367  2.3910e-30  4486.1591
 2091.390740  6.2450e-26  2168.3299
 2091.721391  2.0100e-30  4536.4549
 2094.756199  6.3190e-26  2193.7283
 2094.781893  1.6520e-30  4590.3335
 2095.750994  1.6910e-22     0.0000
 2097.807742  1.3300e-30  4647.7931
 2098.088065  6.1850e-26  2222.7523
 2099.347740  3.3270e-22     3.6619
 2100.798803  1.0490e-30  4708.8314
 2101.386206  5.8740e-26  2255.4010
 2102.911690  4.8260e-22    10.9857
 2103.754944  8.1000e-31  4773.4463
 2104.650487  5.4270e-26  2291.6732
 2106.442709  6.1110e-22    21.9710
 2106.676032  6.1320e-31  4841.6352
 2107.880777  4.8860e-26  2331.5674
 2109.561936  4.5500e-31  4913.3958
 2109.940667  7.1280e-22    36.6174
 2111.076942  4.2910e-26  2375.0822
 2112.412521  3.3100e-31  4988.7253
 2113.405428  7.8400e-22    54.9244
 2114.238849  3.6820e-26  2422.2160
 2115.227656  2.3630e-31  5067.6210
 2116.836860  8.2360e-22    76.8914
 2117.366366  3.0880e-26  2472.9672
 2118.007208  1.6540e-31  5150.0798
 2120.234831  8.3260e-22   102.5175
 2120.459360  2.5330e-26  2527.3337
 2120.751045  1.1360e-31  5236.0988
 2123.517698  2.0340e-26  2585.3137
 2123.599206  8.1390e-22   131.8018
 2126.541247  1.5990e-26  2646.9050
 2126.929854  7.7190e-22   164.7433
 2129.529876  1.2320e-26  2712.1054
 2130.226641  7.1220e-22   201.3407
 2132.483450  9.2980e-27  2780.9124
 2133.489434  6.4000e-22   241.5927
 2135.401838  6.8790e-27  2853.3235
 2136.718100  5.6110e-22   285.4979
 2138.284908  4.9890e-27  2929.3360
 2139.912507  4.8050e-22   333.0546
 2141.132526  3.5490e-27  3008.9473
 2143.072522  4.0210e-22   384.2612
 2143.944561  2.4750e-27  3092.1543
 2146.198012  3.2910e-22   439.1157
 2146.720880  1.6930e-27  3178.9540
 2149.288845  2.6360e-22   497.6162
 2149.461351  1.1370e-27  3269.3432
 2152.165842  7.4900e-28  3363.3185
 2152.344888  2.0680e-22   559.7605
 2154.834220  4.8430e-28  3460.8766
 2155.366008  1.5880e-22   625.5463
 2157.466355  3.0730e-28  3562.0138
 2158.352074  1.1950e-22   694.9714
 2160.062113  1.9140e-28  3666.7265
 2161.302952  8.8110e-23   768.0331
 2162.621363  1.1700e-28  3775.0107
 2164.218511  6.3700e-23   844.7288
 2165.143971  7.0260e-29  3886.8625
 2167.098617  4.5150e-23   925.0557
 2167.629809  4.1410e-29  4002.2778
 2169.943140  3.1380e-23  1009.0108
 2170.078744  2.3970e-29  4121.2524
 2172.490643  1.3620e-29  4243.7818
 2172.751947  2.1390e-23  1096.5912
 2174.865375  7.6050e-30  4369.8616
 2175.524906  1.4310e-23  1187.7936
 2177.202810  4.1690e-30  4499.4871
 2178.261885  9.3870e-24  1282.6147
 2179.502814  2.2450e-30  4632.6535
 2180.962752  6.0440e-24  1381.0511
 2181.765258  1.1880e-30  4769.3560
 2183.627375  3.8180e-24  1483.0991
 2183.990009  6.1690e-31  4909.5895
 2186.176936  3.1490e-31  5053.3489
 2186.255623  2.3680e-24  1588.7551
 2188.325909  1.5790e-31  5200.6288
 2188.847364  1.4410e-24  1698.0152
 2191.402465  8.6080e-25  1810.8754
 2193.920796  5.0490e-25  1927.3316
 2196.402226  2.9070e-25  2047.3796
 2198.846623  1.6430e-25  2171.0149
 2201.253856  9.1240e-26  2298.2332
 2203.623793  4.9740e-26  2429.0297
 2205.956304  2.6630e-26  2563.3997
 2208.251257  1.4000e-26  2701.3382
 2210.508522  7.2290e-27  2842.8404
 2212.727967  3.6670e-27  2987.9009
 2214.909461  1.8270e-27  3136.5144
 2217.052875  8.9420e-28  3288.6757
 2219.158076  4.3000e-28  3444.3791
 2221.224935  2.0320e-28  3603.6190
 2223.253321  9.4270e-29  3766.3894
 2225.243104  4.2980e-29  3932.6846
 2227.194152  1.9260e-29  4102.4984
 2229.106336  8.4800e-30  4275.8245
 2230.979525  3.6690e-30  4452.6568
 2232.813589  1.5600e-30  4632.9887
 2234.608398  6.5180e-31  4816.8137
 2236.363822  2.6760e-31  5004.1249
 2238.079730  1.0810e-31  5194.9156
 3925.396398  2.2350e-31  3932.6846
 3931.848636  4.9290e-31  3766.3894
 3938.241749  1.0680e-30  3603.6190
 3944.575610  2.2730e-30  3444.3791
 3949.624809  1.1730e-31  4243.7818
 3950.850090  4.7550e-30  3288.6757
 3955.326436  2.0760e-31  4121.2524
 3957.065061  9.7690e-30  3136.5144
 3960.967380  3.6070e-31  4002.2778
 3963.220392  1.9720e-29  2987.9009
 3966.547511  6.1530e-31  3886.8625
 3969.315956  3.9100e-29  2842.8404
 3972.066697  1.0310e-30  3775.0107
 3975.351622  7.6140e-29  2701.3382
 3977.524808  1.6950e-30  3666.7265
 3981.327260  1.4560e-28  2563.3997
 3982.921713  2.7350e-30  3562.0138
 3987.242741  2.7360e-28  2429.0297
 3988.257281  4.3340e-30  3460.8766
 3993.097934  5.0470e-28  2298.2332
 3993.531379  6.7400e-30  3363.3185
 3998.743877  1.0280e-29  3269.3432
 3998.892710  9.1440e-28  2171.0149
 4003.894642  1.5400e-29  3178.9540
 4004.626936  1.6270e-27  2047.3796
 4008.983543  2.2620e-29  3092.1543
 4010.300483  2.8410e-27  1927.3316
 4014.010448  3.2590e-29  3008.9473
 4015.913218  4.8710e-27  1810.8754
 4018.975224  4.6040e-29  2929.3360
 4021.465011  8.2000e-27  1698.0152
 4023.877739  6.3780e-29  2853.3235
 4026.955731  1.3550e-26  1588.7551
 4028.717861  8.6600e-29  2780.9124
 4032.385246  2.1970e-26  1483.0991
 4033.495457  1.1520e-28  2712.1054
 4037.753423  3.4970e-26  1381.0511
 4038.210395  1.5020e-28  2646.9050
 4042.862542  1.9170e-28  2585.3137
 4043.060132  5.4620e-26  1282.6147
 4047.451765  2.3960e-28  2527.3337
 4048.305241  8.3700e-26  1187.7936
 4051.977932  2.9280e-28  2472.9672
 4053.488616  1.2580e-25  1096.5912
 4056.440910  3.4980e-28  2422.2160
 4058.610127  1.8550e-25  1009.0108
 4060.840566  4.0830e-28  2375.0822
 4063.669640  2.6830e-25   925.0557
 4065.176766  4.6500e-28  2331.5674
 4068.667023  3.8050e-25   844.7288
 4069.449379  5.1600e-28  2291.6732
 4073.602143  5.2880e-25   768.0331
 4073.658270  5.5700e-28  2255.4010
 4077.803307  5.8350e-28  2222.7523
 4078.474869  7.2040e-25   694.9714
 4081.884357  5.9120e-28  2193.7283
 4083.285066  9.6160e-25   625.5463
 4085.901286  5.7660e-28  2168.3299
 4088.032603  1.2570e-24   559.7605
 4089.853961  5.3710e-28  2146.5581
 4092.717346  1.6090e-24   497.6162
 4093.742250  4.7200e-28  2128.4137
 4097.339163  2.0160e-24   439.1157
 4097.566018  3.8200e-28  2113.8974
 4101.325133  2.7010e-28  2103.0097
 4101.897920  2.4700e-24   384.2612
 4105.019462  1.4070e-28  2095.7510
 4106.393484  2.9580e-24   333.0546
 4110.825723  3.4590e-24   285.4979
 4112.213228  1.4490e-28  2092.1216
 4115.194503  3.9470e-24   241.5927
 4115.712398  2.8630e-28  2095.7510
 4119.146249  4.1700e-28  2103.0097
 4119.499691  4.3890e-24   201.3407
 4122.514647  5.3050e-28  2113.8974
 4123.741153  4.7450e-24   164.7433
 4125.817460  6.2160e-28  2128.4137
 4127.918758  4.9790e-24   131.8018
 4129.054554  6.8700e-28  2146.5581
 4132.032370  5.0510e-24   102.5175
 4132.225797  7.2530e-28  2168.3299
 4135.331054  7.3700e-28  2193.7283
 4136.081858  4.9320e-24    76.8914
 4138.370194  7.2430e-28  2222.7523
 4140.067087  4.6000e-24    54.9244
 4141.343082  6.9090e-28  2255.4010
 4143.987925  4.0450e-24    36.6174
 4144.249586  6.4100e-28  2291.6732
 4147.089574  5.7950e-28  2331.5674
 4147.844237  3.2770e-24    21.9710
 4149.862911  5.1120e-28  2375.0822
 4151.635892  2.3180e-24    10.9857
 4152.569466  4.4040e-28  2422.2160
 4155.209104  3.7100e-28  2472.9672
 4155.362756  1.2080e-24     3.6619
 4157.781695  3.0570e-28  2527.3337
 4160.287104  2.4650e-28  2585.3137
 4162.621577  1.2440e-24     0.0000
 4162.725198  1.9470e-28  2646.9050
 4165.095846  1.5060e-28  2712.1054
 4166.153267  2.4590e-24     3.6619
 4167.398915  1.1420e-28  2780.9124
 4169.619634  3.5810e-24    10.9857
 4169.634271  8.4850e-29  2853.3235
 4171.801783  6.1820e-29  2929.3360
 4173.020543  4.5530e-24    21.9710
 4173.901317  4.4170e-29  3008.9473
 4175.932741  3.0950e-29  3092.1543
 4176.355862  5.3320e-24    36.6174
 4177.895923  2.1280e-29  3178.9540
 4179.625457  5.8890e-24    54.9244
 4179.790731  1.4350e-29  3269.3432
 4181.617030  9.4980e-30  3363.3185
 4182.829196  6.2120e-24    76.8914
 4183.374691  6.1690e-30  3460.8766
 4185.063579  3.9330e-30  3562.0138
 4185.966945  6.3060e-24   102.5175
 4186.683563  2.4610e-30  3666.7265
 4188.234510  1.5120e-30  3775.0107
 4189.038572  6.1900e-24   131.8018
 4189.716288  9.1220e-31  3886.8625
 4191.128765  5.4030e-31  4002.2778
 4192.043944  5.8960e-24   164.7433
 4192.471808  3.1420e-31  4121.2524
 4193.745286  1.7950e-31  4243.7818
 4194.949065  1.0070e-31  4369.8616
 4194.982927  5.4620e-24   201.3407
 4197.855390  4.9300e-24   241.5927
 4200.661198  4.3410e-24   285.4979
 4203.400220  3.7330e-24   333.0546
 4206.072323  3.1380e-24   384.2612
 4208.677374  2.5800e-24   439.1157
 4211.215241  2.0760e-24   497.6162
 4213.685790  1.6350e-24   559.7605
 4216.088891  1.2610e-24   625.5463
 4218.424409  9.5350e-25   694.9714
 4220.692214  7.0630e-25   768.0331
 4222.892171  5.1290e-25   844.7288
 4225.024151  3.6520e-25   925.0557
 4227.088019  2.5500e-25  1009.0108
 4229.083645  1.7470e-25  1096.5912
 4231.010895  1.1740e-25  1187.7936
 4232.869638  7.7360e-26  1282.6147
 4234.659742  5.0040e-26  1381.0511
 4236.381076  3.1770e-26  1483.0991
 4238.033506  1.9790e-26  1588.7551
 4239.616901  1.2100e-26  1698.0152
 4241.131129  7.2660e-27  1810.8754
 4242.576060  4.2820e-27  1927.3316
 4243.951560  2.4780e-27  2047.3796
 4245.257499  1.4080e-27  2171.0149
 4246.493744  7.8530e-28  2298.2332
 4247.660164  4.3020e-28  2429.0297
 4248.756627  2.3150e-28  2563.3997
 4249.783001  1.2230e-28  2701.3382
 4250.739156  6.3480e-29  2842.8404
 4251.624959  3.2360e-29  2987.9009
 4252.440279  1.6210e-29  3136.5144
 4253.184984  7.9720e-30  3288.6757
 4253.858943  3.8530e-30  3444.3791
 4254.462023  1.8290e-30  3603.6190
 4254.994094  8.5350e-31  3766.3894
 4255.455023  3.9120e-31  3932.6846
 4255.844680  1.7620e-31  4102.4984
 5986.960143  1.8280e-31  2842.8404
 5994.231827  3.5800e-31  2701.3382
 6001.410950  6.8850e-31  2563.3997
 6008.497384  1.3010e-30  2429.0297
 6011.569425  1.0910e-31  3178.9540
 6015.490999  2.4130e-30  2298.2332
 6017.406360  1.6110e-31  3092.1543
 6022.391665  4.3960e-30  2171.0149
 6023.148774  2.3340e-31  3008.9473
 6028.796534  3.3170e-31  2929.3360
 6029.199252  7.8640e-30  2047.3796
 6034.349508  4.6210e-31  2853.3235
 6035.913631  1.3810e-29  1927.3316
 6039.807566  6.3110e-31  2780.9124
 6042.534669  2.3820e-29  1810.8754
 6045.170573  8.4470e-31  2712.1054
 6049.062236  4.0330e-29  1698.0152
 6050.438398  1.1070e-30  2646.9050
 6055.496201  6.7030e-29  1588.7551
 6055.610909  1.4220e-30  2585.3137
 6060.687973  1.7870e-30  2527.3337
 6061.836434  1.0940e-28  1483.0991
 6065.669457  2.1980e-30  2472.9672
 6068.082803  1.7500e-28  1381.0511
 6070.555229  2.6410e-30  2422.2160
 6074.235176  2.7500e-28  1282.6147
 6075.345155  3.1010e-30  2375.0822
 6080.039104  3.5520e-30  2331.5674
 6080.293421  4.2390e-28  1187.7936
 6084.636941  3.9650e-30  2291.6732
 6086.257407  6.4100e-28  1096.5912
 6089.138535  4.3070e-30  2255.4010
 6092.127001  9.5090e-28  1009.0108
 6093.543751  4.5390e-30  2222.7523
 6097.852458  4.6270e-30  2193.7283
 6097.902072  1.3830e-27   925.0557
 6102.064522  4.5400e-30  2168.3299
 6103.582487  1.9730e-27   844.7288
 6106.179809  4.2560e-30  2146.5581
 6109.168114  2.7600e-27   768.0331
 6110.198187  3.7620e-30  2128.4137
 6114.119523  3.0640e-30  2113.8974
 6114.658820  3.7820e-27   694.9714
 6117.943683  2.1790e-30  2103.0097
 6120.054472  5.0790e-27   625.5463
 6121.670534  1.1420e-30  2095.7510
 6125.354938  6.6810e-27   559.7605
 6128.831777  1.1910e-30  2092.1216
 6130.560084  8.6040e-27   497.6162
 6132.265903  2.3680e-30  2095.7510
 6135.602187  3.4710e-30  2103.0097
 6135.669779  1.0840e-26   439.1157
 6138.840495  4.4430e-30  2113.8974
 6140.683889  1.3370e-26   384.2612
 6141.980696  5.2380e-30  2128.4137
 6145.022656  5.8260e-30  2146.5581
 6145.602281  1.6110e-26   333.0546
 6147.966241  6.1890e-30  2168.3299
 6150.424822  1.8960e-26   285.4979
 6150.811319  6.3280e-30  2193.7283
 6153.557756  6.2590e-30  2222.7523
 6155.151379  2.1770e-26   241.5927
 6156.205419  6.0070e-30  2255.4010
 6158.754176  5.6090e-30  2291.6732
 6159.781819  2.4360e-26   201.3407
 6161.203892  5.1020e-30  2331.5674
 6163.554436  4.5300e-30  2375.0822
 6164.316008  2.6500e-26   164.7433
 6165.805673  3.9280e-30  2422.2160
 6167.957472  3.3290e-30  2472.9672
 6168.753814  2.7980e-26   131.8018
 6170.009698  2.7610e-30  2527.3337
 6171.962220  2.2410e-30  2585.3137
 6173.095176  2.8560e-26   102.5175
 6173.814903  1.7810e-30  2646.9050
 6175.567616  1.3870e-30  2712.1054
 6177.220225  1.0580e-30  2780.9124
 6177.339769  2.8060e-26    76.8914
 6178.772597  7.9130e-31  2853.3235
 6180.224600  5.8020e-31  2929.3360
 6181.487627  2.6340e-26    54.9244
 6181.576100  4.1720e-31  3008.9473
 6182.826964  2.9430e-31  3092.1543
 6183.977061  2.0360e-31  3178.9540
 6185.026256  1.3820e-31  3269.3432
 6185.538576  2.3310e-26    36.6174
 6189.492423  1.9000e-26    21.9710
 6193.349128  1.3530e-26    10.9857
 6197.108517  7.0950e-27     3.6619
 6204.334885  7.4030e-27     0.0000
 6207.801514  1.4720e-26     3.6619
 6211.170302  2.1580e-26    10.9857
 6214.441113  2.7620e-26    21.9710
 6217.613793  3.2540e-26    36.6174
 6220.688240  3.6190e-26    54.9244
 6223.664291  3.8410e-26    76.8914
 6226.541845  3.9250e-26   102.5175
 6229.320753  3.8780e-26   131.8018
 6232.000877  3.7180e-26   164.7433
 6234.582068  3.4670e-26   201.3407
 6237.064232  3.1500e-26   241.5927
 6239.447201  2.7920e-26   285.4979
 6241.730882  2.4160e-26   333.0546
 6243.913695  2.0450e-26   384.2612
 6245.999760  1.6920e-26   439.1157
 6247.984696  1.3700e-26   497.6162
 6249.869764  1.0870e-26   559.7605
 6251.654886  8.4370e-27   625.5463
 6253.339919  6.4190e-27   694.9714
 6254.924646  4.7860e-27   768.0331
 6256.409046  3.4990e-27   844.7288
 6257.793012  2.5080e-27   925.0557
 6259.076183  1.7630e-27  1009.0108
 6260.258819  1.2160e-27  1096.5912
 6261.340487  8.2200e-28  1187.7936
 6262.320530  5.4550e-28  1282.6147
 6263.200165  3.5520e-28  1381.0511
 6263.978232  2.2700e-28  1483.0991
 6264.655068  1.4230e-28  1588.7551
 6264.815050  1.2630e-31  3136.5144
 6265.229651  8.7630e-29  1698.0152
 6265.365888  2.5040e-31  2987.9009
 6265.703446  5.2950e-29  1810.8754
 6265.813706  4.8800e-31  2842.8404
 6266.075015  3.1420e-29  1927.3316
 6266.158637  9.3400e-31  2701.3382
 6266.344624  1.8300e-29  2047.3796
 6266.400814  1.7550e-30  2563.3997
 6266.512141  1.0470e-29  2171.0149
 6266.540368  3.2410e-30  2429.0297
 6266.577433  5.8780e-30  2298.2332
 8058.942922  1.0270e-31  1588.7551
 8066.193821  1.7280e-31  1483.0991
 8073.318328  2.8500e-31  1381.0511
 8080.316313  4.6120e-31  1282.6147
 8087.187644  7.3200e-31  1187.7936
 8093.932190  1.1390e-30  1096.5912
 8100.549818  1.7390e-30  1009.0108
 8107.040398  2.6010e-30   925.0557
 8113.403797  3.8130e-30   844.7288
 8119.639883  5.4790e-30   768.0331
 8125.748524  7.7130e-30   694.9714
 8131.729588  1.0630e-29   625.5463
 8137.582941  1.4360e-29   559.7605
 8143.308452  1.8970e-29   497.6162
 8148.905987  2.4520e-29   439.1157
 8154.375414  3.0990e-29   384.2612
 8159.716600  3.8270e-29   333.0546
 8164.929412  4.6150e-29   285.4979
 8170.013717  5.4270e-29   241.5927
 8174.969382  6.2160e-29   201.3407
 8179.796273  6.9230e-29   164.7433
 8184.494258  7.4790e-29   131.8018
 8189.063204  7.8110e-29   102.5175
 8193.502977  7.8480e-29    76.8914
 8197.813444  7.5300e-29    54.9244
 8201.994472  6.8120e-29    36.6174
 8206.045928  5.6730e-29    21.9710
 8209.967678  4.1250e-29    10.9857
 8213.759589  2.2100e-29     3.6619
 8220.953362  2.4020e-29     0.0000
 8224.354958  4.8750e-29     3.6619
 8227.626182  7.2890e-29    10.9857
 8230.766900  9.5130e-29    21.9710
 8233.776981  1.1430e-28    36.6174
 8236.656291  1.2960e-28    54.9244
 8239.404697  1.4020e-28    76.8914
 8242.022065  1.4600e-28   102.5175
 8244.508263  1.4690e-28   131.8018
 8246.863158  1.4350e-28   164.7433
 8249.086616  1.3620e-28   201.3407
 8251.178505  1.2600e-28   241.5927
 8253.138693  1.1370e-28   285.4979
 8254.967045  1.0010e-28   333.0546
 8256.663429  8.6190e-29   384.2612
 8258.227712  7.2550e-29   439.1157
 8259.659762  5.9760e-29   497.6162
 8260.959446  4.8180e-29   559.7605
 8262.126631  3.8040e-29   625.5463
 8263.161184  2.9420e-29   694.9714
 8263.644244  1.0370e-31  2047.3796
 8264.062972  2.2300e-29   768.0331
 8264.480477  1.7550e-31  1927.3316
 8264.831863  1.6560e-29   844.7288
 8265.182219  2.9170e-31  1810.8754
 8265.467724  1.2060e-29   925.0557
 8265.749603  4.7570e-31  1698.0152
 8265.970423  8.6120e-30  1009.0108
 8266.182762  7.6150e-31  1588.7551
 8266.339825  6.0310e-30  1096.5912
 8266.481827  1.1960e-30  1483.0991
 8266.575800  4.1420e-30  1187.7936
 8266.646934  1.8450e-30  1381.0511
 8266.678214  2.7910e-30  1282.6147
10105.081723  1.1650e-31   768.0331
10111.808248  1.5110e-31   694.9714
10118.374674  1.9160e-31   625.5463
10124.780867  2.3780e-31   559.7605
10131.026697  2.8840e-31   497.6162
10137.112029  3.4170e-31   439.1157
10143.036733  3.9540e-31   384.2612
10148.800675  4.4630e-31   333.0546
10154.403722  4.9110e-31   285.4979
10159.845742  5.2610e-31   241.5927
10165.126602  5.4780e-31   201.3407
10170.246169  5.5350e-31   164.7433
10175.204310  5.4130e-31   131.8018
10180.000891  5.1040e-31   102.5175
10184.635780  4.6180e-31    76.8914
10189.108844  3.9780e-31    54.9244
10193.419949  3.2210e-31    36.6174
10197.568963  2.3920e-31    21.9710
10201.555752  1.5450e-31    10.9857
10215.877993  1.0830e-31     3.6619
10219.051659  1.4000e-31    10.9857
10222.062300  1.5670e-31    21.9710
10224.909784  1.6010e-31    36.6174
10227.593978  1.5270e-31    54.9244
10230.114748  1.3750e-31    76.8914
10232.471961  1.1740e-31   102.5175
12106.733641  1.0840e-31   384.2612
12112.920296  1.2680e-31   333.0546
12118.913539  1.4490e-31   285.4979
12124.713238  1.6130e-31   241.5927
12130.319259  1.7510e-31   201.3407
12135.731470  1.8470e-31   164.7433
12140.949739  1.8900e-31   131.8018
12145.973933  1.8690e-31   102.5175
12150.803917  1.7790e-31    76.8914
12155.439560  1.6160e-31    54.9244
12159.880729  1.3850e-31    36.6174
12164.127290  1.0920e-31    21.9710
12185.512438  1.0080e-31    10.9857
12188.393016  1.2440e-31    21.9710
12191.077921  1.4140e-31    36.6174
12193.567019  1.5150e-31    54.9244
12195.860178  1.5490e-31    76.8914
12197.957262  1.5240e-31   102.5175
12199.858141  1.4490e-31   131.8018
12201.562679  1.3360e-31   164.7433
12203.070743  1.1970e-31   201.3407
12204.382202  1.0440e-31   241.5927
