    3.545069  1.0270e-45  8232.6270
    3.577778  2.4040e-40  6212.3182
    3.610490  1.4990e-35  4166.8191
    3.643205  7.1990e-31  2096.0669
    3.675921  3.2590e-26     0.0000
    7.090003  7.9550e-45  8236.1721
    7.155422  1.8700e-39  6215.8959
    7.220846  1.1670e-34  4170.4296
    7.286275  5.6040e-30  2099.7101
    7.351709  2.5370e-25     3.6759
   10.634669  2.5420e-44  8243.2621
   10.732797  6.0250e-39  6223.0514
   10.830933  3.7620e-34  4177.6505
   10.929077  1.8070e-29  2106.9964
   11.027228  8.1800e-25    11.0276
   14.178933  5.5810e-44  8253.8968
   14.309770  1.3380e-38  6233.7842
   14.440618  8.3640e-34  4188.4814
   14.571476  4.0190e-29  2117.9255
   14.702344  1.8190e-24    22.0549
   17.722659  9.8760e-44  8268.0757
   17.886205  2.4020e-38  6248.0939
   18.049766  1.5050e-33  4202.9220
   18.213338  7.2310e-29  2132.4969
   18.376923  3.2720e-24    36.7572
   21.265714  1.5120e-43  8285.7984
   21.461970  3.7450e-38  6265.9801
   21.658242  2.3510e-33  4220.9718
   21.854530  1.1300e-28  2150.7103
   22.050831  5.1140e-24    55.1341
   24.807965  2.0810e-43  8307.0641
   25.036930  5.2670e-38  6287.4421
   25.265914  3.3150e-33  4242.6300
   25.494916  1.5940e-28  2172.5648
   25.723933  7.2120e-24    77.1850
   28.349275  2.6310e-43  8331.8720
   28.610950  6.8330e-38  6312.4790
   28.872646  4.3130e-33  4267.8959
   29.134362  2.0760e-28  2198.0597
   29.396097  9.3880e-24   102.9089
   31.889513  3.1010e-43  8360.2213
   32.183897  8.2990e-38  6341.0900
   32.478305  5.2570e-33  4296.7686
   32.772736  2.5320e-28  2227.1941
   33.067186  1.1450e-23   132.3050
   35.428542  3.4400e-43  8392.1108
   35.755636  9.5310e-38  6373.2739
   36.082756  6.0610e-33  4329.2469
   36.409901  2.9210e-28  2259.9668
   36.737068  1.3200e-23   165.3722
   38.966230  3.6160e-43  8427.5394
   39.326033  1.0420e-37  6409.0295
   39.685866  6.6570e-33  4365.3296
   40.045725  3.2100e-28  2296.3767
   40.405608  1.4500e-23   202.1092
   42.502442  3.6180e-43  8466.5056
   42.894955  1.0910e-37  6448.3556
   43.287500  7.0030e-33  4405.0155
   43.680073  3.3800e-28  2336.4224
   44.072672  1.5270e-23   242.5148
   46.037045  3.4590e-43  8509.0080
   46.462268  1.0980e-37  6491.2505
   46.887524  7.0830e-33  4448.3030
   47.312812  3.4220e-28  2380.1025
   47.738127  1.5450e-23   286.5875
   49.569903  3.1660e-43  8555.0451
   50.027836  1.0640e-37  6537.7128
   50.485805  6.9100e-33  4495.1905
   50.943807  3.3420e-28  2427.4153
   51.401837  1.5080e-23   334.3256
   53.100884  2.7780e-43  8604.6150
   53.591527  9.9750e-38  6587.7406
   54.082208  6.5180e-33  4545.6763
   54.572924  3.1560e-28  2478.3591
   55.063670  1.4240e-23   385.7275
   56.629854  2.3400e-43  8657.7159
   57.153207  9.0510e-38  6641.3321
   57.676600  5.9570e-33  4599.7586
   58.200030  2.8880e-28  2532.9321
   58.723492  1.3020e-23   440.7912
   60.156677  1.8920e-43  8714.3457
   60.712741  7.9640e-38  6698.4853
   61.268847  5.2820e-33  4657.4352
   61.824990  2.5650e-28  2591.1321
   62.381168  1.1560e-23   499.5146
   63.681222  1.4680e-43  8774.5024
   64.269997  6.8050e-38  6759.1981
   64.858815  4.5520e-33  4718.7040
   65.447672  2.2130e-28  2652.9571
   66.036564  9.9710e-24   561.8958
   67.203354  1.0920e-43  8838.1836
   67.824840  5.6510e-38  6823.4681
   68.446370  3.8150e-33  4783.5628
   69.067941  1.8590e-28  2718.4047
   69.689548  8.3680e-24   627.9324
   70.722939  7.7640e-44  8905.3870
   71.377136  4.5670e-38  6891.2929
   72.031380  3.1140e-33  4852.0092
   72.685664  1.5200e-28  2787.4727
   73.339986  6.8390e-24   697.6219
   74.239845  5.2640e-44  8976.1099
   74.926753  3.5930e-38  6962.6701
   75.613709  2.4760e-33  4924.0406
   76.300707  1.2110e-28  2860.1584
   76.987744  5.4470e-24   770.9619
   77.753936  3.3860e-44  9050.3498
   78.473556  2.7540e-38  7037.5968
   79.193225  1.9210e-33  4999.6543
   79.912937  9.4130e-29  2936.4591
   80.632688  4.2320e-24   847.9497
   81.265080  2.0510e-44  9128.1037
   82.017412  2.0580e-38  7116.0704
   82.769794  1.4530e-33  5078.8475
   83.522220  7.1400e-29  3016.3720
   84.274685  3.2090e-24   928.5823
   84.773144  1.1560e-44  9209.3688
   85.558188  1.4990e-38  7198.0878
   86.343283  1.0740e-33  5161.6173
   87.128423  5.2880e-29  3099.8942
   87.913602  2.3750e-24  1012.8570
   88.277993  5.9540e-45  9294.1419
   89.095750  1.0660e-38  7283.6460
   89.913559  7.7450e-34  5247.9606
   90.731413  3.8260e-29  3187.0226
   91.549306  1.7180e-24  1100.7706
   91.779496  2.7070e-45  9382.4199
   92.629966  7.3940e-39  7372.7417
   93.480489  5.4600e-34  5337.8741
   94.331056  2.7050e-29  3277.7541
   95.181663  1.2140e-24  1192.3199
   95.277518  1.0130e-45  9474.1994
   96.160702  5.0060e-39  7465.3717
   97.043938  3.7610e-34  5431.3546
   97.927220  1.8700e-29  3372.0851
   98.810540  8.3900e-25  1287.5016
   99.687824  3.3090e-39  7561.5324
  100.603775  2.5340e-34  5528.3986
  101.519771  1.2640e-29  3470.0123
  102.435805  5.6700e-25  1386.3121
  103.211201  2.1360e-39  7661.2202
  104.159867  1.6690e-34  5629.0023
  105.108576  8.3600e-30  3571.5321
  106.057324  3.7490e-25  1488.7479
  106.730699  1.3460e-39  7764.4314
  107.712080  1.0750e-34  5733.1622
  108.693504  5.4100e-30  3676.6407
  109.674965  2.4250e-25  1594.8053
  110.246186  8.2840e-40  7871.1621
  111.260281  6.7790e-35  5840.8743
  112.274420  3.4260e-30  3785.3342
  113.288594  1.5360e-25  1704.4802
  113.757526  4.9780e-40  7981.4083
  114.804338  4.1820e-35  5952.1346
  115.851192  2.1240e-30  3897.6086
  116.898080  9.5210e-26  1817.7688
  117.264591  2.9210e-40  8095.1658
  118.344120  2.5250e-35  6066.9389
  119.423688  1.2890e-30  4013.4598
  120.503291  5.7800e-26  1934.6669
  120.767247  1.6730e-40  8212.4304
  121.879492  1.4920e-35  6185.2830
  122.991776  7.6650e-31  4132.8835
  124.104091  3.4360e-26  2055.1702
  124.265361  9.3570e-41  8333.1977
  125.410323  8.6320e-36  6307.1625
  126.555323  4.4630e-31  4255.8753
  127.700352  2.0010e-26  2179.2743
  127.758800  5.1060e-41  8457.4630
  128.936481  4.8890e-36  6432.5728
  130.114197  2.5450e-31  4382.4306
  131.247434  2.7180e-41  8585.2218
  131.291940  1.1420e-26  2306.9746
  132.457834  2.7120e-36  6561.5093
  133.668266  1.4220e-31  4512.5448
  134.731129  1.4110e-41  8716.4692
  134.878723  6.3830e-27  2438.2666
  135.974249  1.4730e-36  6693.9671
  137.217398  7.7870e-32  4646.2130
  138.209754  7.1350e-42  8851.2004
  138.460569  3.4970e-27  2573.1453
  139.485594  7.8320e-37  6829.9414
  140.761461  4.1780e-32  4783.4304
  141.683176  3.5150e-42  8989.4101
  142.037346  1.8770e-27  2711.6059
  142.991738  4.0790e-37  6969.4270
  144.300324  2.1970e-32  4924.1919
  145.151265  1.6850e-42  9131.0933
  145.608924  9.8810e-28  2853.6432
  146.492550  2.0800e-37  7112.4187
  147.833854  1.1320e-32  5068.4922
  148.613889  7.8500e-43  9276.2446
  149.175170  5.0980e-28  2999.2521
  149.987897  1.0390e-37  7258.9113
  151.361921  5.7170e-33  5216.3261
  152.070915  3.5500e-43  9424.8585
  152.735952  2.5790e-28  3148.4273
  153.477648  5.0810e-38  7408.8992
  154.884393  2.8310e-33  5367.6880
  155.522214  1.5560e-43  9576.9294
  156.291141  1.2790e-28  3301.1633
  156.961673  2.4340e-38  7562.3768
  158.401139  1.3740e-33  5522.5724
  158.967653  6.5920e-44  9732.4516
  159.840603  6.2200e-29  3457.4544
  160.439839  1.1410e-38  7719.3385
  161.912028  6.5390e-34  5680.9735
  162.407101  2.6920e-44  9891.4192
  163.384210  2.9660e-29  3617.2950
  163.912016  5.2410e-39  7879.7783
  165.416929  3.0510e-34  5842.8856
  165.840428  1.0560e-44 10053.8263
  166.921829  1.3870e-29  3780.6792
  167.378074  2.3560e-39  8043.6903
  168.915712  1.3950e-34  6008.3025
  169.267503  3.9530e-45 10219.6668
  170.453330  6.3640e-30  3947.6010
  170.837880  1.0370e-39  8211.0684
  172.408244  6.2580e-35  6177.2182
  172.688194  1.4020e-45 10388.9343
  173.978583  2.8630e-30  4118.0544
  174.291306  4.4660e-40  8381.9063
  175.894397  2.7520e-35  6349.6264
  177.497457  1.2640e-30  4292.0330
  177.738220  1.8820e-40  8556.1976
  179.374040  1.1860e-35  6525.5208
  181.009822  5.4710e-31  4469.5304
  181.178491  7.7620e-41  8733.9358
  182.847043  5.0160e-36  6704.8949
  184.515547  2.3240e-31  4650.5402
  184.611991  3.1300e-41  8915.1143
  186.313275  2.0790e-36  6887.7419
  188.014504  9.6810e-32  4835.0558
  188.038589  1.2340e-41  9099.7263
  189.772607  8.4510e-37  7074.0552
  191.458155  4.7560e-42  9287.7649
  191.506562  3.9580e-32  5023.0703
  193.224909  3.3680e-37  7263.8278
  194.870559  1.7900e-42  9479.2231
  194.991591  1.5870e-32  5214.5768
  196.670051  1.3160e-37  7457.0527
  198.275672  6.5790e-43  9674.0936
  198.469463  6.2460e-33  5409.5684
  200.107904  5.0400e-38  7653.7228
  201.673364  2.3590e-43  9872.3693
  201.940047  2.4120e-33  5608.0379
  203.538340  1.8930e-38  7853.8307
  205.063507  8.2430e-44 10074.0426
  205.403216  9.1360e-34  5809.9779
  206.961228  6.9670e-39  8057.3690
  208.445971  2.8050e-44 10279.1062
  208.858839  3.3960e-34  6015.3812
  210.376440  2.5140e-39  8264.3302
  211.820628  9.2810e-45 10487.5521
  212.306788  1.2390e-34  6224.2400
  213.783847  8.8890e-40  8474.7067
  215.187347  2.9810e-45 10699.3728
  215.746935  4.4340e-35  6436.5468
  217.183321  3.0800e-40  8688.4905
  219.179150  1.5570e-35  6652.2937
  220.574732  1.0460e-40  8905.6738
  222.603307  5.3660e-36  6871.4729
  223.957954  3.4780e-41  9126.2486
  226.019276  1.8140e-36  7094.0762
  227.332858  1.1330e-41  9350.2065
  229.426930  6.0200e-37  7320.0955
  230.699315  3.6140e-42  9577.5394
  232.826141  1.9600e-37  7549.5224
  234.057199  1.1280e-42  9808.2387
  236.216782  6.2600e-38  7782.3485
  237.406381  3.4470e-43 10042.2959
  239.598725  1.9620e-38  8018.5653
  240.746734  1.0300e-43 10279.7023
  242.971843  6.0310e-39  8258.1640
  244.078132  3.0090e-44 10520.4490
  246.336009  1.8190e-39  8501.1359
  249.691097  5.3800e-40  8747.4719
  250.713551  2.3930e-45 11011.9276
  253.036978  1.5610e-40  8997.1630
  256.373528  4.4420e-41  9250.2000
  259.700620  1.2390e-41  9506.5735
  263.018128  3.3910e-42  9766.2741
  266.325925  9.0920e-43 10029.2922
  269.623887  2.3890e-43 10295.6182
  272.911887  6.1520e-44 10565.2421
  276.189801  1.5520e-44 10838.1539
 1854.259369  1.7530e-31  5409.5684
 1859.478354  4.4480e-31  5214.5768
 1864.671642  1.1090e-30  5023.0703
 1869.839103  2.7190e-30  4835.0558
 1874.980610  6.5500e-30  4650.5402
 1880.096035  1.5500e-29  4469.5304
 1885.185247  3.6070e-29  4292.0330
 1886.326783  1.6290e-31  5522.5724
 1890.248119  8.2460e-29  4118.0544
 1891.223279  3.3840e-31  5367.6880
 1895.284519  1.8520e-28  3947.6010
 1896.092651  6.9090e-31  5216.3261
 1900.294320  4.0870e-28  3780.6792
 1900.934767  1.3860e-30  5068.4922
 1905.277390  8.8600e-28  3617.2950
 1905.749497  2.7300e-30  4924.1919
 1910.233600  1.8870e-27  3457.4544
 1910.536710  5.2830e-30  4783.4304
 1915.162819  3.9480e-27  3301.1633
 1915.296274  1.0040e-29  4646.2130
 1920.028059  1.8760e-29  4512.5448
 1920.064917  8.1140e-27  3148.4273
 1924.731933  3.4390e-29  4382.4306
 1924.939763  1.6390e-26  2999.2521
 1929.407764  6.1930e-29  4255.8753
 1929.787225  3.2490e-26  2853.6432
 1934.055420  1.0950e-28  4132.8835
 1934.607173  6.3260e-26  2711.6059
 1936.973124  1.5200e-31  5528.3986
 1938.674771  1.9010e-28  4013.4598
 1939.399476  1.2100e-25  2573.1453
 1941.387096  2.3500e-31  5431.3546
 1943.265682  3.2410e-28  3897.6086
 1944.164002  2.2730e-25  2438.2666
 1945.771834  3.5670e-31  5337.8741
 1947.828022  5.4240e-28  3785.3342
 1948.900618  4.1900e-25  2306.9746
 1950.127205  5.3120e-31  5247.9606
 1952.361659  8.9120e-28  3676.6407
 1953.609194  7.5890e-25  2179.2743
 1954.453076  7.7610e-31  5161.6173
 1956.866460  1.4370e-27  3571.5321
 1958.289597  1.3490e-24  2055.1702
 1958.749314  1.1120e-30  5078.8475
 1961.342292  2.2750e-27  3470.0123
 1962.941695  2.3550e-24  1934.6669
 1963.015786  1.5630e-30  4999.6543
 1965.789023  3.5330e-27  3372.0851
 1967.252359  2.1540e-30  4924.0406
 1967.565356  4.0360e-24  1817.7688
 1970.206520  5.3840e-27  3277.7541
 1971.458899  2.9110e-30  4852.0092
 1972.160446  6.7870e-24  1704.4802
 1974.594649  8.0500e-27  3187.0226
 1975.635272  3.8520e-30  4783.5628
 1976.726835  1.1200e-23  1594.8053
 1978.953278  1.1810e-26  3099.8942
 1979.781346  4.9970e-30  4718.7040
 1981.264388  1.8150e-23  1488.7479
 1983.282273  1.6980e-26  3016.3720
 1983.896986  6.3470e-30  4657.4352
 1985.772973  2.8860e-23  1386.3121
 1987.581501  2.3950e-26  2936.4591
 1987.982060  7.8910e-30  4599.7586
 1990.252457  4.5010e-23  1287.5016
 1991.850829  3.3110e-26  2860.1584
 1992.036432  9.5980e-30  4545.6763
 1994.702707  6.8880e-23  1192.3199
 1996.059970  1.1420e-29  4495.1905
 1996.090123  4.4880e-26  2787.4727
 1999.123589  1.0340e-22  1100.7706
 2000.052539  1.3260e-29  4448.3030
 2000.299249  5.9600e-26  2718.4047
 2003.514971  1.5220e-22  1012.8570
 2004.014005  1.5020e-29  4405.0155
 2004.478074  7.7540e-26  2652.9571
 2007.876719  2.1980e-22   928.5823
 2007.944235  1.6600e-29  4365.3296
 2008.626464  9.8780e-26  2591.1321
 2011.843095  1.7840e-29  4329.2469
 2012.208699  3.1110e-22   847.9497
 2012.744285  1.2310e-25  2532.9321
 2015.710450  1.8600e-29  4296.7686
 2016.510779  4.3160e-22   770.9619
 2016.831404  1.5000e-25  2478.3591
 2019.546167  1.8770e-29  4267.8959
 2020.782823  5.8680e-22   697.6219
 2020.887686  1.7880e-25  2427.4153
 2023.350111  1.8220e-29  4242.6300
 2024.912998  2.0830e-25  2380.1025
 2025.024699  7.8170e-22   627.9324
 2027.122148  1.6910e-29  4220.9718
 2028.907205  2.3650e-25  2336.4224
 2029.236273  1.0200e-21   561.8958
 2030.862144  1.4790e-29  4202.9220
 2032.870174  2.6170e-25  2296.3767
 2033.417411  1.3020e-21   499.5146
 2034.569965  1.1920e-29  4188.4814
 2036.801770  2.8170e-25  2259.9668
 2037.567979  1.6280e-21   440.7912
 2038.245476  8.3930e-30  4177.6505
 2040.701859  2.9420e-25  2227.1941
 2041.687842  1.9890e-21   385.7275
 2041.888544  4.3540e-30  4170.4296
 2044.570307  2.9710e-25  2198.0597
 2045.776868  2.3760e-21   334.3256
 2048.406981  2.8880e-25  2172.5648
 2049.076812  4.4480e-30  4166.8191
 2049.834922  2.7710e-21   286.5875
 2052.211745  2.6820e-25  2150.7103
 2052.621743  8.7570e-30  4170.4296
 2053.861869  3.1540e-21   242.5148
 2055.984465  2.3480e-25  2132.4969
 2056.133695  1.2700e-29  4177.6505
 2057.857576  3.4970e-21   202.1092
 2059.612531  1.6100e-29  4188.4814
 2059.725008  1.8940e-25  2117.9255
 2061.821909  3.7700e-21   165.3722
 2063.058119  1.8800e-29  4202.9220
 2063.433239  1.3350e-25  2106.9964
 2065.754733  3.9430e-21   132.3050
 2066.470323  2.0700e-29  4220.9718
 2067.109024  6.9260e-26  2099.7101
 2069.655913  3.9880e-21   102.9089
 2069.849011  2.1780e-29  4242.6300
 2073.194046  2.2050e-29  4267.8959
 2073.525317  3.8810e-21    77.1850
 2074.362719  7.0760e-26  2096.0669
 2076.505297  2.1600e-29  4296.7686
 2077.362810  3.6070e-21    55.1341
 2077.940360  1.3930e-25  2099.7101
 2079.782628  2.0530e-29  4329.2469
 2081.168256  3.1610e-21    36.7572
 2081.485018  2.0210e-25  2106.9964
 2083.025905  1.8980e-29  4365.3296
 2084.941523  2.5520e-21    22.0549
 2084.996559  2.5600e-25  2117.9255
 2086.234994  1.7100e-29  4405.0155
 2088.474849  2.9860e-25  2132.4969
 2088.682476  1.7980e-21    11.0276
 2089.409761  1.5040e-29  4448.3030
 2091.919753  3.2860e-25  2150.7103
 2092.390980  9.3370e-22     3.6759
 2092.550073  1.2920e-29  4495.1905
 2095.331137  3.4540e-25  2172.5648
 2095.655795  1.0850e-29  4545.6763
 2098.708868  3.4940e-25  2198.0597
 2098.726794  8.9120e-30  4599.7586
 2099.710106  9.5420e-22     0.0000
 2101.762935  7.1670e-30  4657.4352
 2102.052810  3.4170e-25  2227.1941
 2103.320459  1.8790e-21     3.6759
 2104.764084  5.6440e-30  4718.7040
 2105.362831  3.2440e-25  2259.9668
 2106.897827  2.7230e-21    11.0276
 2107.730109  4.3530e-30  4783.5628
 2108.638796  2.9950e-25  2296.3767
 2110.442076  3.4490e-21    22.0549
 2110.660874  3.2910e-30  4852.0092
 2111.880571  2.6940e-25  2336.4224
 2113.556247  2.4390e-30  4924.0406
 2113.953071  4.0210e-21    36.7572
 2115.088022  2.3650e-25  2380.1025
 2116.416094  1.7730e-30  4999.6543
 2117.430678  4.4220e-21    55.1341
 2118.261016  2.0270e-25  2427.4153
 2119.240282  1.2630e-30  5078.8475
 2120.874763  4.6430e-21    77.1850
 2121.399417  1.6980e-25  2478.3591
 2122.028675  8.8280e-31  5161.6173
 2124.285192  4.6910e-21   102.9089
 2124.503094  1.3920e-25  2532.9321
 2124.781142  6.0540e-31  5247.9606
 2127.497549  4.0740e-31  5337.8741
 2127.571911  1.1160e-25  2591.1321
 2127.661831  4.5830e-21   132.3050
 2130.177762  2.6900e-31  5431.3546
 2130.605736  8.7690e-26  2652.9571
 2131.004545  4.3450e-21   165.3722
 2132.821649  1.7430e-31  5528.3986
 2133.604434  6.7460e-26  2718.4047
 2134.313202  4.0050e-21   202.1092
 2135.429075  1.1090e-31  5629.0023
 2136.567873  5.0850e-26  2787.4727
 2137.587667  3.5980e-21   242.5148
 2139.495917  3.7560e-26  2860.1584
 2140.827807  3.1520e-21   286.5875
 2142.388435  2.7200e-26  2936.4591
 2144.033486  2.6960e-21   334.3256
 2145.245292  1.9330e-26  3016.3720
 2147.204573  2.2540e-21   385.7275
 2148.066355  1.3460e-26  3099.8942
 2150.340932  1.8430e-21   440.7912
 2150.851491  9.1940e-27  3187.0226
 2153.442431  1.4750e-21   499.5146
 2153.600567  6.1620e-27  3277.7541
 2156.313449  4.0520e-27  3372.0851
 2156.508936  1.1550e-21   561.8958
 2158.990005  2.6160e-27  3470.0123
 2159.540313  8.8610e-22   627.9324
 2161.630101  1.6560e-27  3571.5321
 2162.536428  6.6600e-22   697.6219
 2164.233604  1.0300e-27  3676.6407
 2165.497150  4.9050e-22   770.9619
 2166.800382  6.2850e-28  3785.3342
 2168.422343  3.5410e-22   847.9497
 2169.330300  3.7650e-28  3897.6086
 2171.311876  2.5060e-22   928.5823
 2171.823228  2.2150e-28  4013.4598
 2174.165614  1.7390e-22  1012.8570
 2174.279032  1.2790e-28  4132.8835
 2176.697579  7.2530e-29  4255.8753
 2176.983424  1.1840e-22  1100.7706
 2179.078737  4.0390e-29  4382.4306
 2179.765175  7.9020e-23  1192.3199
 2181.422374  2.2090e-29  4512.5448
 2182.510731  5.1750e-23  1287.5016
 2183.728356  1.1870e-29  4646.2130
 2185.219962  3.3260e-23  1386.3121
 2185.996552  6.2600e-30  4783.4304
 2187.892734  2.0970e-23  1488.7479
 2188.226829  3.2440e-30  4924.1919
 2190.419055  1.6510e-30  5068.4922
 2190.528913  1.2980e-23  1594.8053
 2192.573097  8.2590e-31  5216.3261
 2193.128369  7.8840e-24  1704.4802
 2194.688824  4.0580e-31  5367.6880
 2195.690966  4.7000e-24  1817.7688
 2196.766104  1.9590e-31  5522.5724
 2198.216574  2.7510e-24  1934.6669
 2200.705061  1.5810e-24  2055.1702
 2203.156293  8.9140e-25  2179.2743
 2205.570138  4.9370e-25  2306.9746
 2207.946465  2.6850e-25  2438.2666
 2210.285140  1.4340e-25  2573.1453
 2212.586033  7.5200e-26  2711.6059
 2214.849010  3.8730e-26  2853.6432
 2217.073941  1.9590e-26  2999.2521
 2219.260693  9.7360e-27  3148.4273
 2221.409134  4.7520e-27  3301.1633
 2223.519133  2.2780e-27  3457.4544
 2225.590558  1.0730e-27  3617.2950
 2227.623278  4.9660e-28  3780.6792
 2229.617160  2.2570e-28  3947.6010
 2231.572074  1.0080e-28  4118.0544
 2233.487889  4.4260e-29  4292.0330
 2235.364472  1.9080e-29  4469.5304
 2237.201693  8.0870e-30  4650.5402
 2238.999420  3.3680e-30  4835.0558
 2240.757523  1.3790e-30  5023.0703
 2242.475869  5.5450e-31  5214.5768
 2244.154329  2.1920e-31  5409.5684
 3919.035471  2.2800e-31  4292.0330
 3925.635980  5.2220e-31  4118.0544
 3932.177294  1.1760e-30  3947.6010
 3938.659284  2.6000e-30  3780.6792
 3939.008777  1.0070e-31  4646.2130
 3944.918243  1.8850e-31  4512.5448
 3945.081821  5.6510e-30  3617.2950
 3950.767080  3.4650e-31  4382.4306
 3951.444776  1.2060e-29  3457.4544
 3956.555156  6.2570e-31  4255.8753
 3957.748020  2.5300e-29  3301.1633
 3962.282340  1.1090e-30  4132.8835
 3963.991422  5.2140e-29  3148.4273
 3967.948503  1.9320e-30  4013.4598
 3970.174854  1.0550e-28  2999.2521
 3973.553510  3.3020e-30  3897.6086
 3976.298183  2.0980e-28  2853.6432
 3979.097230  5.5430e-30  3785.3342
 3982.361281  4.0960e-28  2711.6059
 3984.579532  9.1320e-30  3676.6407
 3988.364016  7.8540e-28  2573.1453
 3990.000284  1.4770e-29  3571.5321
 3994.306258  1.4790e-27  2438.2666
 3995.359353  2.3450e-29  3470.0123
 4000.187874  2.7350e-27  2306.9746
 4000.656606  3.6530e-29  3372.0851
 4004.856439  1.1590e-31  4599.7586
 4005.891912  5.5830e-29  3277.7541
 4006.008733  4.9670e-27  2179.2743
 4009.368744  1.4140e-31  4545.6763
 4011.065137  8.3740e-29  3187.0226
 4011.768705  8.8560e-27  2055.1702
 4013.817505  1.6870e-31  4495.1905
 4016.176148  1.2320e-28  3099.8942
 4017.467657  1.5500e-26  1934.6669
 4018.202587  1.9660e-31  4448.3030
 4021.224812  1.7780e-28  3016.3720
 4022.523857  2.2370e-31  4405.0155
 4023.105456  2.6640e-26  1817.7688
 4026.210996  2.5150e-28  2936.4591
 4026.781180  2.4790e-31  4365.3296
 4028.681971  4.4940e-26  1704.4802
 4030.974424  2.6740e-31  4329.2469
 4031.134567  3.4890e-28  2860.1584
 4034.197069  7.4400e-26  1594.8053
 4035.103454  2.7980e-31  4296.7686
 4035.995392  4.7440e-28  2787.4727
 4039.168135  2.8330e-31  4267.8959
 4039.650617  1.2090e-25  1488.7479
 4040.793336  6.3210e-28  2718.4047
 4043.168335  2.7610e-31  4242.6300
 4045.042484  1.9280e-25  1386.3121
 4045.528267  8.2500e-28  2652.9571
 4047.103918  2.5700e-31  4220.9718
 4050.200051  1.0540e-27  2591.1321
 4050.372535  3.0170e-25  1287.5016
 4050.974751  2.2580e-31  4202.9220
 4054.780700  1.8260e-31  4188.4814
 4054.808553  1.3190e-27  2532.9321
 4055.640638  4.6310e-25  1192.3199
 4058.521629  1.2910e-31  4177.6505
 4059.353641  1.6130e-27  2478.3591
 4060.846661  6.9730e-25  1100.7706
 4063.835180  1.9290e-27  2427.4153
 4065.990469  1.0300e-24  1012.8570
 4068.253036  2.2540e-27  2380.1025
 4071.071929  1.4920e-24   928.5823
 4072.607076  2.5690e-27  2336.4224
 4072.832478  1.3680e-31  4170.4296
 4076.090908  2.1180e-24   847.9497
 4076.246302  1.9920e-31  4177.6505
 4076.897165  2.8530e-27  2296.3767
 4079.594301  2.5350e-31  4188.4814
 4081.047272  2.9490e-24   770.9619
 4081.123170  3.0810e-27  2259.9668
 4082.876343  2.9710e-31  4202.9220
 4085.284955  3.2300e-27  2227.1941
 4085.940887  4.0220e-24   697.6219
 4086.092292  3.2840e-31  4220.9718
 4089.242014  3.4690e-31  4242.6300
 4089.382388  3.2750e-27  2198.0597
 4090.771620  5.3760e-24   627.9324
 4092.325375  3.5270e-31  4267.8959
 4093.415334  3.1950e-27  2172.5648
 4095.342242  3.4690e-31  4296.7686
 4095.539337  7.0370e-24   561.8958
 4097.383658  2.9780e-27  2150.7103
 4098.292479  3.3110e-31  4329.2469
 4100.243905  9.0180e-24   499.5146
 4101.175953  3.0740e-31  4365.3296
 4101.287227  2.6170e-27  2132.4969
 4103.992529  2.7820e-31  4405.0155
 4104.885188  1.1310e-23   440.7912
 4105.125906  2.1190e-27  2117.9255
 4106.742074  2.4570e-31  4448.3030
 4108.899561  1.4980e-27  2106.9964
 4109.424453  2.1190e-31  4495.1905
 4109.463053  1.3870e-23   385.7275
 4112.039532  1.7870e-31  4545.6763
 4112.608058  7.8070e-28  2099.7101
 4113.977366  1.6630e-23   334.3256
 4114.587177  1.4750e-31  4599.7586
 4117.067254  1.1910e-31  4657.4352
 4118.427993  1.9460e-23   286.5875
 4119.829041  8.0390e-28  2096.0669
 4122.814799  2.2230e-23   242.5148
 4123.341258  1.5890e-27  2099.7101
 4126.787780  2.3140e-27  2106.9964
 4127.137651  2.4730e-23   202.1092
 4130.168472  2.9430e-27  2117.9255
 4131.396414  2.6760e-23   165.3722
 4133.483202  3.4470e-27  2132.4969
 4135.590954  2.8090e-23   132.3050
 4136.731834  3.8090e-27  2150.7103
 4139.721137  2.8520e-23   102.9089
 4139.914234  4.0190e-27  2172.5648
 4143.030268  4.0830e-27  2198.0597
 4143.786828  2.7860e-23    77.1850
 4146.079802  4.0100e-27  2227.1941
 4147.787893  2.5990e-23    55.1341
 4149.062702  3.8230e-27  2259.9668
 4151.724198  2.2870e-23    36.7572
 4151.978835  3.5440e-27  2296.3767
 4154.828065  3.2020e-27  2336.4224
 4155.595608  1.8530e-23    22.0549
 4157.610259  2.8220e-27  2380.1025
 4159.401990  1.3110e-23    11.0276
 4160.325284  2.4300e-27  2427.4153
 4162.973004  2.0450e-27  2478.3591
 4163.143209  6.8320e-24     3.6759
 4165.553287  1.6830e-27  2532.9321
 4168.065999  1.3560e-27  2591.1321
 4170.429620  7.0380e-24     0.0000
 4170.511005  1.0700e-27  2652.9571
 4172.888173  8.2660e-28  2718.4047
 4173.974545  1.3910e-23     3.6759
 4175.197367  6.2580e-28  2787.4727
 4177.438456  4.6440e-28  2860.1584
 4177.453769  2.0250e-23    11.0276
 4179.611304  3.3790e-28  2936.4591
 4180.867159  2.5750e-23    22.0549
 4181.715779  2.4110e-28  3016.3720
 4183.751747  1.6870e-28  3099.8942
 4184.214581  3.0140e-23    36.7572
 4185.719074  1.1580e-28  3187.0226
 4187.495901  3.3280e-23    55.1341
 4187.617628  7.7950e-29  3277.7541
 4189.447273  5.1500e-29  3372.0851
 4190.710984  3.5090e-23    77.1850
 4191.207878  3.3390e-29  3470.0123
 4192.899309  2.1250e-29  3571.5321
 4193.859697  3.5610e-23   102.9089
 4194.521432  1.3270e-29  3676.6407
 4196.074113  8.1390e-30  3785.3342
 4196.941905  3.4940e-23   132.3050
 4197.557220  4.8990e-30  3897.6086
 4198.970620  2.8960e-30  4013.4598
 4199.957475  3.3260e-23   165.3722
 4200.314179  1.6800e-30  4132.8835
 4201.587763  9.5760e-31  4255.8753
 4202.791241  5.3590e-31  4382.4306
 4202.906273  3.0790e-23   202.1092
 4203.924477  2.9450e-31  4512.5448
 4204.987340  1.5900e-31  4646.2130
 4205.788165  2.7770e-23   242.5148
 4208.603017  2.4430e-23   286.5875
 4211.350695  2.0990e-23   334.3256
 4214.031066  1.7630e-23   385.7275
 4216.643996  1.4480e-23   440.7912
 4219.189352  1.1640e-23   499.5146
 4221.667000  9.1550e-24   561.8958
 4224.076806  7.0550e-24   627.9324
 4226.418637  5.3260e-24   697.6219
 4228.692360  3.9400e-24   770.9619
 4230.897841  2.8570e-24   847.9497
 4233.034947  2.0310e-24   928.5823
 4235.103546  1.4160e-24  1012.8570
 4237.103503  9.6850e-25  1100.7706
 4239.034685  6.4960e-25  1192.3199
 4240.896961  4.2750e-25  1287.5016
 4242.690196  2.7600e-25  1386.3121
 4244.414258  1.7490e-25  1488.7479
 4246.069014  1.0870e-25  1594.8053
 4247.654330  6.6370e-26  1704.4802
 4249.170074  3.9760e-26  1817.7688
 4250.616114  2.3380e-26  1934.6669
 4251.992316  1.3500e-26  2055.1702
 4253.298549  7.6520e-27  2179.2743
 4254.534678  4.2590e-27  2306.9746
 4255.700573  2.3280e-27  2438.2666
 4256.796099  1.2490e-27  2573.1453
 4257.821124  6.5850e-28  2711.6059
 4258.775516  3.4090e-28  2853.6432
 4259.659142  1.7330e-28  2999.2521
 4260.471869  8.6560e-29  3148.4273
 4261.213565  4.2460e-29  3301.1633
 4261.884097  2.0460e-29  3457.4544
 4262.483333  9.6880e-30  3617.2950
 4263.011139  4.5060e-30  3780.6792
 4263.467384  2.0590e-30  3947.6010
 4263.851934  9.2470e-31  4118.0544
 4264.164657  4.0800e-31  4292.0330
 4264.405420  1.7690e-31  4469.5304
 5975.081317  1.1670e-31  3301.1633
 5982.666004  2.4160e-31  3148.4273
 5990.157997  4.9170e-31  2999.2521
 5997.557167  9.8260e-31  2853.6432
 6004.187084  1.6350e-31  3470.0123
 6004.863385  1.9290e-30  2711.6059
 6010.334808  2.5620e-31  3372.0851
 6012.076520  3.7200e-30  2573.1453
 6016.387870  3.9390e-31  3277.7541
 6019.196442  7.0450e-30  2438.2666
 6022.346139  5.9410e-31  3187.0226
 6026.223021  1.3100e-29  2306.9746
 6028.209482  8.7900e-31  3099.8942
 6033.156125  2.3930e-29  2179.2743
 6033.977766  1.2750e-30  3016.3720
 6039.650859  1.8150e-30  2936.4591
 6039.995625  4.2900e-29  2055.1702
 6045.228626  2.5330e-30  2860.1584
 6046.741389  7.5510e-29  1934.6669
 6050.710936  3.4640e-30  2787.4727
 6053.393284  1.3050e-28  1817.7688
 6056.097655  4.6430e-30  2718.4047
 6059.951179  2.2140e-28  1704.4802
 6061.388650  6.0940e-30  2652.9571
 6066.414942  3.6870e-28  1594.8053
 6066.583787  7.8350e-30  2591.1321
 6071.682933  9.8570e-30  2532.9321
 6072.784441  6.0270e-28  1488.7479
 6076.685953  1.2130e-29  2478.3591
 6079.059544  9.6670e-28  1386.3121
 6081.592715  1.4590e-29  2427.4153
 6085.240118  1.5220e-27  1287.5016
 6086.403085  1.7150e-29  2380.1025
 6091.116928  1.9670e-29  2336.4224
 6091.326031  2.3500e-27  1192.3199
 6095.734110  2.1970e-29  2296.3767
 6097.317148  3.5590e-27  1100.7706
 6100.254499  2.3880e-29  2259.9668
 6103.213338  5.2880e-27  1012.8570
 6104.677959  2.5180e-29  2227.1941
 6109.004357  2.5680e-29  2198.0597
 6109.014467  7.7050e-27   928.5823
 6113.233558  2.5210e-29  2172.5648
 6114.720402  1.1010e-26   847.9497
 6117.365428  2.3640e-29  2150.7103
 6120.331010  1.5410e-26   770.9619
 6121.399834  2.0910e-29  2132.4969
 6125.336641  1.7030e-29  2117.9255
 6125.846156  2.1160e-26   697.6219
 6129.175715  1.2120e-29  2106.9964
 6131.265708  2.8450e-26   627.9324
 6132.916921  6.3520e-30  2099.7101
 6136.589531  3.7470e-26   561.8958
 6140.105194  6.6220e-30  2096.0669
 6141.817491  4.8300e-26   499.5146
 6143.551993  1.3170e-29  2099.7101
 6146.900387  1.9300e-29  2106.9964
 6146.949456  6.0950e-26   440.7912
 6150.150243  2.4700e-29  2117.9255
 6151.985290  7.5220e-26   385.7275
 6153.301426  2.9110e-29  2132.4969
 6156.353802  3.2370e-29  2150.7103
 6156.924860  9.0730e-26   334.3256
 6159.307237  3.4370e-29  2172.5648
 6161.768031  1.0690e-25   286.5875
 6162.161597  3.5130e-29  2198.0597
 6164.916747  3.4730e-29  2227.1941
 6166.514670  1.2280e-25   242.5148
 6167.572554  3.3310e-29  2259.9668
 6170.128883  3.1090e-29  2296.3767
 6171.164643  1.3750e-25   202.1092
 6172.585600  2.8260e-29  2336.4224
 6174.942571  2.5070e-29  2380.1025
 6175.717786  1.4970e-25   165.3722
 6177.199663  2.1720e-29  2427.4153
 6179.356741  1.8400e-29  2478.3591
 6180.173994  1.5820e-25   132.3050
 6181.413670  1.5240e-29  2532.9321
 6183.370318  1.2350e-29  2591.1321
 6184.533181  1.6160e-25   102.9089
 6185.226550  9.8090e-30  2652.9571
 6186.982232  7.6270e-30  2718.4047
 6188.637230  5.8120e-30  2787.4727
 6188.795148  1.5880e-25    77.1850
 6190.191410  4.3410e-30  2860.1584
 6191.644639  3.1790e-30  2936.4591
 6192.959806  1.4920e-25    55.1341
 6192.996782  2.2820e-30  3016.3720
 6194.247705  1.6070e-30  3099.8942
 6195.397276  1.1100e-30  3187.0226
 6196.445359  7.5240e-31  3277.7541
 6197.026959  1.3200e-25    36.7572
 6197.391820  5.0040e-31  3372.0851
 6198.236527  3.2650e-31  3470.0123
 6198.979345  2.0910e-31  3571.5321
 6199.620140  1.3140e-31  3676.6407
 6200.996448  1.0760e-25    22.0549
 6204.868277  7.6660e-26    11.0276
 6208.642205  4.0220e-26     3.6759
 6215.895902  4.1960e-26     0.0000
 6219.375392  8.3450e-26     3.6759
 6222.756471  1.2230e-25    11.0276
 6226.039016  1.5650e-25    22.0549
 6229.222881  1.8440e-25    36.7572
 6232.307936  2.0490e-25    55.1341
 6235.294036  2.1750e-25    77.1850
 6238.181049  2.2210e-25   102.9089
 6240.968843  2.1940e-25   132.3050
 6243.657297  2.1010e-25   165.3722
 6246.246281  1.9590e-25   202.1092
 6248.735621  1.7780e-25   242.5148
 6251.125208  1.5750e-25   286.5875
 6253.414926  1.3620e-25   334.3256
 6255.604653  1.1510e-25   385.7275
 6257.694161  9.5160e-26   440.7912
 6259.683388  7.6980e-26   499.5146
 6261.572211  6.0960e-26   561.8958
 6263.360485  4.7290e-26   627.9324
 6265.048082  3.5940e-26   697.6219
 6266.634853  2.6760e-26   770.9619
 6268.120658  1.9540e-26   847.9497
 6269.505398  1.3980e-26   928.5823
 6270.788886  9.8130e-27  1012.8570
 6271.971005  6.7550e-27  1100.7706
 6273.051649  4.5610e-27  1192.3199
 6274.030763  3.0220e-27  1287.5016
 6274.906952  1.9640e-27  1386.3121
 6274.997195  1.6200e-31  3457.4544
 6275.683273  1.2530e-27  1488.7479
 6275.766121  3.3390e-31  3301.1633
 6276.356785  7.8410e-28  1594.8053
 6276.431158  6.7600e-31  3148.4273
 6276.928016  4.8170e-28  1704.4802
 6276.992439  1.3450e-30  2999.2521
 6277.396970  2.9050e-28  1817.7688
 6277.450097  2.6270e-30  2853.6432
 6277.763611  1.7200e-28  1934.6669
 6277.804267  5.0410e-30  2711.6059
 6278.027121  9.9950e-29  2055.1702
 6278.055082  9.5010e-30  2573.1453
 6278.185433  5.7040e-29  2179.2743
 6278.202676  1.7590e-29  2438.2666
 6278.247182  3.1960e-29  2306.9746
 8050.826053  1.0540e-31  1934.6669
 8058.491992  1.8810e-31  1817.7688
 8066.031215  3.2930e-31  1704.4802
 8073.443591  5.6580e-31  1594.8053
 8080.728989  9.5340e-31  1488.7479
 8087.887275  1.5760e-30  1386.3121
 8094.918320  2.5550e-30  1287.5016
 8101.821989  4.0630e-30  1192.3199
 8108.598151  6.3350e-30  1100.7706
 8115.246673  9.6830e-30  1012.8570
 8121.767422  1.4510e-29   928.5823
 8128.160265  2.1310e-29   847.9497
 8134.425069  3.0660e-29   770.9619
 8140.561701  4.3220e-29   697.6219
 8145.006459  1.1760e-31  2117.9255
 8146.570027  5.9670e-29   627.9324
 8147.994112  1.4110e-31  2132.4969
 8150.850251  1.5970e-31  2150.7103
 8152.449914  8.0660e-29   561.8958
 8153.574742  1.7250e-31  2172.5648
 8156.167452  1.7940e-31  2198.0597
 8158.201228  1.0670e-28   499.5146
 8158.628246  1.8040e-31  2227.1941
 8160.956989  1.7600e-31  2259.9668
 8163.153548  1.6690e-31  2296.3767
 8163.823835  1.3810e-28   440.7912
 8165.217788  1.5430e-31  2336.4224
 8167.149575  1.3910e-31  2380.1025
 8168.948774  1.2250e-31  2427.4153
 8169.317602  1.7470e-28   385.7275
 8170.615252  1.0540e-31  2478.3591
 8174.682395  2.1600e-28   334.3256
 8179.918079  2.6070e-28   286.5875
 8185.024522  3.0680e-28   242.5148
 8190.001587  3.5170e-28   202.1092
 8194.849143  3.9200e-28   165.3722
 8199.567054  4.2380e-28   132.3050
 8204.155186  4.4280e-28   102.9089
 8208.613405  4.4520e-28    77.1850
 8212.941576  4.2730e-28    55.1341
 8217.139567  3.8670e-28    36.7572
 8221.207241  3.2220e-28    22.0549
 8225.144465  2.3430e-28    11.0276
 8228.951105  1.2550e-28     3.6759
 8236.172096  1.3650e-28     0.0000
 8239.586177  2.7700e-28     3.6759
 8242.869138  4.1420e-28    11.0276
 8246.020843  5.4050e-28    22.0549
 8249.041158  6.4940e-28    36.7572
 8251.929950  7.3570e-28    55.1341
 8254.687084  7.9580e-28    77.1850
 8257.312426  8.2820e-28   102.9089
 8259.805842  8.3320e-28   132.3050
 8262.167198  8.1310e-28   165.3722
 8264.396360  7.7160e-28   202.1092
 8266.493194  7.1310e-28   242.5148
 8268.457566  6.4280e-28   286.5875
 8270.289343  5.6580e-28   334.3256
 8271.988389  4.8660e-28   385.7275
 8273.554573  4.0920e-28   440.7912
 8274.987758  3.3670e-28   499.5146
 8275.515997  1.0420e-31  2438.2666
 8276.287813  2.7120e-28   561.8958
 8276.770860  1.8680e-31  2306.9746
 8277.454603  2.1390e-28   627.9324
 8277.890046  3.2890e-31  2179.2743
 8278.487994  1.6520e-28   697.6219
 8278.873692  5.6820e-31  2055.1702
 8279.387852  1.2500e-28   770.9619
 8279.721931  9.6390e-31  1934.6669
 8280.154045  9.2760e-29   847.9497
 8280.434897  1.6050e-30  1817.7688
 8280.786437  6.7450e-29   928.5823
 8281.012726  2.6230e-30  1704.4802
 8281.284896  4.8090e-29  1012.8570
 8281.455549  4.2080e-30  1594.8053
 8281.649287  3.3620e-29  1100.7706
 8281.763502  6.6230e-30  1488.7479
 8281.879477  2.3050e-29  1192.3199
 8281.936719  1.0230e-29  1386.3121
 8281.975332  1.5500e-29  1287.5016
10087.193199  1.2910e-31  1192.3199
10094.754346  1.8610e-31  1100.7706
10102.155141  2.6280e-31  1012.8570
10109.395453  3.6370e-31   928.5823
10116.475150  4.9280e-31   847.9497
10123.394097  6.5370e-31   770.9619
10130.152163  8.4860e-31   697.6219
10136.749214  1.0780e-30   627.9324
10143.185117  1.3390e-30   561.8958
10149.459739  1.6260e-30   499.5146
10155.572946  1.9280e-30   440.7912
10161.524605  2.2330e-30   385.7275
10167.314583  2.5230e-30   334.3256
10172.942744  2.7780e-30   286.5875
10178.408957  2.9780e-30   242.5148
10183.713086  3.1030e-30   202.1092
10188.854998  3.1370e-30   165.3722
10193.834559  3.0690e-30   132.3050
10198.651634  2.8950e-30   102.9089
10203.306090  2.6200e-30    77.1850
10207.797793  2.2580e-30    55.1341
10212.126608  1.8280e-30    36.7572
10216.292400  1.3580e-30    22.0549
10220.295037  8.7700e-31    11.0276
10224.134383  4.1540e-31     3.6759
10231.322667  3.4780e-31     0.0000
10234.671337  6.1400e-31     3.6759
10237.856179  7.9310e-31    11.0276
10240.877059  8.8730e-31    22.0549
10243.733844  9.0590e-31    36.7572
10246.426399  8.6320e-31    55.1341
10248.954589  7.7590e-31    77.1850
10251.318281  6.6170e-31   102.9089
10253.517341  5.3630e-31   132.3050
10255.551633  4.1310e-31   165.3722
10257.421025  3.0160e-31   202.1092
10259.125382  2.0750e-31   242.5148
10260.664569  1.3340e-31   286.5875
12079.731286  1.0970e-31   847.9497
12087.304316  1.4940e-31   770.9619
12094.683757  1.9940e-31   697.6219
12101.869476  2.6070e-31   627.9324
12108.861341  3.3360e-31   561.8958
12115.659220  4.1790e-31   499.5146
12122.262978  5.1210e-31   440.7912
12128.672484  6.1360e-31   385.7275
12134.887603  7.1840e-31   334.3256
12140.908202  8.2120e-31   286.5875
12146.734148  9.1540e-31   242.5148
12152.365306  9.9390e-31   202.1092
12157.801544  1.0490e-30   165.3722
12163.042727  1.0740e-30   132.3050
12168.088722  1.0630e-30   102.9089
12172.939394  1.0120e-30    77.1850
12177.594610  9.2000e-31    55.1341
12182.054235  7.8830e-31    36.7572
12186.318136  6.2190e-31    22.0549
12190.386177  4.2820e-31    11.0276
12194.258226  2.1710e-31     3.6759
12201.413808  2.1140e-31     0.0000
12204.697072  4.0590e-31     3.6759
12207.783806  5.7400e-31    11.0276
12210.673876  7.0850e-31    22.0549
12213.367148  8.0480e-31    36.7572
12215.863486  8.6180e-31    55.1341
12218.162757  8.8090e-31    77.1850
12220.264827  8.6600e-31   102.9089
12222.169561  8.2280e-31   132.3050
12223.876824  7.5810e-31   165.3722
12225.386482  6.7880e-31   202.1092
12226.698402  5.9190e-31   242.5148
12227.812448  5.0310e-31   286.5875
12228.728486  4.1730e-31   334.3256
12229.446382  3.3810e-31   385.7275
12229.966000  2.6780e-31   440.7912
12230.287208  2.0730e-31   499.5146
12230.333850  1.1640e-31   627.9324
12230.409869  1.5700e-31   561.8958
