    3.401910  9.8830e-43  6058.9735
    3.432203  4.5010e-38  4063.3307
    3.462499  1.6350e-33  2043.6918
    3.492796  5.6440e-29     0.0000
    6.803699  7.6990e-42  6062.3754
    6.864285  3.5080e-37  4066.7629
    6.924876  1.2750e-32  2047.1543
    6.985471  4.3990e-28     3.4928
   10.205245  2.4860e-41  6069.1791
   10.296125  1.1340e-36  4073.6272
   10.387011  4.1200e-32  2054.0792
   10.477904  1.4220e-27    10.4783
   13.606428  5.5390e-41  6079.3843
   13.727601  2.5290e-36  4083.9233
   13.848783  9.1920e-32  2064.4662
   13.969973  3.1710e-27    20.9562
   17.007127  9.9910e-41  6092.9907
   17.158593  4.5670e-36  4097.6509
   17.310070  1.6610e-31  2078.3150
   17.461557  5.7280e-27    34.9261
   20.225475  1.2010e-45  8081.2485
   20.407219  1.5660e-40  6109.9979
   20.588978  7.1730e-36  4114.8095
   20.770751  2.6090e-31  2095.6250
   20.952536  8.9980e-27    52.3877
   23.806585  2.2170e-40  6130.4051
   24.018638  1.0170e-35  4135.3985
   24.230706  3.7020e-31  2116.3958
   24.442788  1.2760e-26    73.3402
   27.205103  2.8980e-40  6154.2117
   27.447449  1.3330e-35  4159.4171
   27.689812  4.8530e-31  2140.6265
   27.932192  1.6730e-26    97.7830
   30.330036  2.5890e-45  8152.0313
   30.602652  3.5500e-40  6181.4168
   30.875291  1.6380e-35  4186.8645
   31.147950  5.9640e-31  2168.3163
   31.420626  2.0550e-26   125.7152
   33.696204  2.9350e-45  8182.3613
   33.999112  4.1150e-40  6212.0194
   34.302043  1.9050e-35  4217.7398
   34.604997  6.9400e-31  2199.4643
   34.907971  2.3910e-26   157.1358
   37.061161  3.1630e-45  8216.0575
   37.394360  4.5480e-40  6246.0185
   37.727585  2.1120e-35  4252.0419
   38.060834  7.7020e-31  2234.0693
   38.394104  2.6520e-26   192.0438
   40.424786  3.2560e-45  8253.1187
   40.788276  4.8160e-40  6283.4129
   41.151794  2.2460e-35  4289.7695
   41.515338  8.1940e-31  2272.1301
   41.878905  2.8210e-26   230.4379
   43.786958  3.2130e-45  8293.5435
   44.180739  4.9060e-40  6324.2012
   44.574550  2.2980e-35  4330.9213
   44.968389  8.3900e-31  2313.6454
   45.362253  2.8870e-26   272.3168
   47.147555  3.0480e-45  8337.3304
   47.571628  4.8230e-40  6368.3819
   47.995733  2.2700e-35  4375.4958
   48.419867  8.2950e-31  2358.6138
   48.844027  2.8540e-26   317.6791
   50.506458  2.7860e-45  8384.4780
   50.960822  4.5870e-40  6415.9535
   51.415220  2.1700e-35  4423.4915
   51.869649  7.9380e-31  2407.0337
   52.324106  2.7290e-26   366.5231
   54.348201  4.2280e-40  6466.9144
   54.832892  2.0120e-35  4474.9068
   55.317616  7.3670e-31  2458.9033
   55.802369  2.5320e-26   418.8472
   57.733643  3.7830e-40  6521.2626
   58.248628  1.8110e-35  4529.7396
   58.763646  6.6410e-31  2514.2209
   59.278696  2.2810e-26   474.6496
   61.117028  3.2900e-40  6578.9962
   61.662306  1.5860e-35  4587.9883
   62.207620  5.8230e-31  2572.9846
   62.752965  1.9990e-26   533.9283
   63.922704  1.3700e-45  8606.6385
   64.498235  2.7850e-40  6640.1132
   65.073807  1.3530e-35  4649.6506
   65.649415  4.9720e-31  2635.1922
   66.225056  1.7060e-26   596.6812
   67.271321  1.0540e-45  8670.5612
   67.877144  2.2960e-40  6704.6115
   68.483009  1.1240e-35  4714.7244
   69.088912  4.1380e-31  2700.8416
   69.694848  1.4190e-26   662.9063
   71.253633  1.8450e-40  6772.4886
   71.889792  9.1110e-36  4783.2074
   72.525990  3.3600e-31  2769.9305
   73.162222  1.1520e-26   732.6011
   74.627583  1.4460e-40  6843.7422
   75.294036  7.2080e-36  4855.0972
   75.960528  2.6630e-31  2842.4565
   76.627055  9.1250e-27   805.7634
   77.998873  1.1060e-40  6918.3698
   78.695619  5.5700e-36  4930.3912
   79.392406  2.0620e-31  2918.4171
   80.089228  7.0610e-27   882.3904
   81.367381  8.2620e-41  6996.3687
   82.094422  4.2050e-36  5009.0868
   82.821503  1.5600e-31  2997.8095
   83.548621  5.3400e-27   962.4796
   84.732989  6.0270e-41  7077.7361
   85.490324  3.1040e-36  5091.1813
   86.247700  1.1540e-31  3080.6310
   87.005112  3.9490e-27  1046.0283
   88.095576  4.2960e-41  7162.4691
   88.883205  2.2400e-36  5176.6716
   89.670876  8.3500e-32  3166.8787
   90.458583  2.8560e-27  1133.0334
   91.455021  2.9920e-41  7250.5646
   92.272945  1.5820e-36  5265.5548
   93.090910  5.9130e-32  3256.5495
   93.908912  2.0220e-27  1223.4920
   94.811204  2.0380e-41  7342.0197
   95.659423  1.0930e-36  5357.8277
   96.507683  4.0980e-32  3349.6405
   97.355979  1.4010e-27  1317.4009
   98.164006  1.3570e-41  7436.8309
   99.042520  7.3960e-37  5453.4872
   99.921075  2.7810e-32  3446.1481
  100.799665  9.5030e-28  1414.7568
  101.513306  8.8340e-42  7534.9949
  102.422115  4.8990e-37  5552.5297
  103.330965  1.8490e-32  3546.0692
  104.239850  6.3140e-28  1515.5565
  104.858984  5.6250e-42  7636.5082
  105.798089  3.1780e-37  5654.9518
  106.737234  1.2040e-32  3649.4002
  107.676413  4.1100e-28  1619.7964
  108.200921  3.5030e-42  7741.3672
  109.170322  2.0190e-37  5760.7499
  110.139763  7.6790e-33  3756.1374
  111.109236  2.6220e-28  1727.4728
  111.538995  2.1340e-42  7849.5681
  112.538693  1.2570e-37  5869.9202
  113.538430  4.8010e-33  3866.2772
  114.538198  1.6390e-28  1838.5820
  114.873090  1.2710e-42  7961.1071
  115.903085  7.6660e-38  5982.4589
  116.933117  2.9420e-33  3979.8156
  117.963179  1.0040e-28  1953.1202
  118.203084  7.4040e-43  8075.9802
  119.263376  4.5820e-38  6098.3620
  120.323704  1.7680e-33  4096.7487
  121.384060  6.0340e-29  2071.0834
  121.528857  4.2180e-43  8194.1832
  122.619448  2.6840e-38  6217.6254
  123.710073  1.0410e-33  4217.0724
  124.800723  3.5550e-29  2192.4674
  124.850292  2.3490e-43  8315.7121
  125.971181  1.5410e-38  6340.2448
  127.092103  6.0150e-34  4340.7825
  128.167268  1.2790e-43  8440.5624
  128.213048  2.0540e-29  2317.2682
  129.318457  8.6730e-39  6466.2160
  130.469675  3.4070e-34  4467.8746
  131.479666  6.8020e-44  8568.7297
  131.620915  1.1640e-29  2445.4812
  132.661155  4.7850e-39  6595.5344
  133.842671  1.8930e-34  4598.3443
  134.787367  3.5350e-44  8700.2093
  135.024206  6.4710e-30  2577.1021
  135.999157  2.5880e-39  6728.1956
  137.210971  1.0320e-34  4732.1869
  138.090252  1.7940e-44  8834.9967
  138.422801  3.5290e-30  2712.1263
  139.332343  1.3720e-39  6864.1948
  140.574456  5.5170e-35  4869.3979
  141.388203  8.8820e-45  8973.0870
  141.816582  1.8890e-30  2850.5491
  142.660596  7.1350e-40  7003.5271
  143.933008  2.8940e-35  5009.9724
  144.681099  4.2890e-45  9114.4752
  145.205430  9.9170e-31  2992.3657
  145.983796  3.6370e-40  7146.1877
  147.286508  1.4900e-35  5153.9054
  147.968824  2.0180e-45  9259.1563
  148.589226  5.1100e-31  3137.5712
  149.301825  1.8170e-40  7292.1715
  150.634838  7.5240e-36  5301.1919
  151.967853  2.5850e-31  3286.1604
  152.614565  8.9040e-41  7441.4733
  153.977879  3.7290e-36  5451.8267
  155.341191  1.2830e-31  3438.1282
  155.921896  4.2770e-41  7594.0879
  157.315512  1.8140e-36  5605.8046
  158.709122  6.2520e-32  3593.4694
  159.223700  2.0140e-41  7750.0098
  160.647620  8.6570e-37  5763.1201
  162.071528  2.9910e-32  3752.1785
  162.519861  9.2950e-42  7909.2335
  163.974085  4.0550e-37  5923.7677
  165.428292  1.4040e-32  3914.2501
  165.810258  4.2050e-42  8071.7533
  167.294788  1.8640e-37  6087.7418
  168.779296  6.4750e-33  4079.6784
  169.094776  1.8640e-42  8237.5636
  170.609612  8.4130e-38  6255.0366
  172.124421  2.9310e-33  4248.4577
  172.373295  8.1000e-43  8406.6584
  173.918440  3.7260e-38  6425.6462
  175.463550  1.3030e-33  4420.5821
  175.645698  3.4480e-43  8579.0317
  177.221153  1.6200e-38  6599.5647
  178.796566  5.6860e-34  4596.0456
  178.911869  1.4370e-43  8754.6774
  180.517634  6.9110e-39  6776.7858
  182.123351  2.4370e-34  4774.8422
  182.171688  5.8680e-44  8933.5892
  183.807766  2.8940e-39  6957.3034
  185.425040  2.3460e-44  9115.7609
  185.443788  1.0260e-34  4956.9655
  187.091432  1.1900e-39  7141.1112
  188.671807  9.1750e-45  9301.1860
  188.757761  4.2390e-35  5142.4093
  190.368515  4.7990e-40  7328.2026
  191.911872  3.5110e-45  9489.8578
  192.065152  1.7200e-35  5331.1671
  193.638897  1.9000e-40  7518.5712
  195.145118  1.3140e-45  9681.7696
  195.365844  6.8590e-36  5523.2322
  196.902463  7.3830e-41  7712.2101
  198.659721  2.6850e-36  5718.5981
  200.159096  2.8150e-41  7909.1125
  201.946667  1.0330e-36  5917.2578
  203.408679  1.0530e-41  8109.2716
  205.226565  3.9000e-37  6119.2045
  206.651096  3.8670e-42  8312.6803
  208.499299  1.4470e-37  6324.4310
  209.886231  1.3930e-42  8519.3314
  211.764753  5.2700e-38  6532.9303
  213.113968  4.9200e-43  8729.2176
  215.022812  1.8860e-38  6744.6951
  216.334191  1.7050e-43  8942.3316
  218.273359  6.6280e-39  6959.7179
  219.546784  5.7950e-44  9158.6658
  221.516278  2.2880e-39  7177.9913
  222.751632  1.9310e-44  9378.2126
  224.751456  7.7560e-40  7399.5075
  225.948619  6.3070e-45  9600.9642
  227.978776  2.5820e-40  7624.2590
  229.137631  2.0190e-45  9826.9128
  231.198123  8.4430e-41  7852.2378
  234.409382  2.7110e-41  8083.4359
  237.612439  8.5500e-42  8317.8453
  240.807179  2.6470e-42  8555.4577
  243.993488  8.0480e-43  8796.2649
  247.171251  2.4020e-43  9040.2584
  250.340354  7.0380e-44  9287.4296
  253.500683  2.0240e-44  9537.7700
  256.652125  5.7120e-45  9791.2707
  259.794566  1.5820e-45 10047.9228
 1844.089371  1.8380e-31  4079.6784
 1848.870043  4.0320e-31  3914.2501
 1853.626059  8.6930e-31  3752.1785
 1858.357302  1.8430e-30  3593.4694
 1863.063655  3.8430e-30  3438.1282
 1867.744999  7.8750e-30  3286.1604
 1872.401217  1.5880e-29  3137.5712
 1877.032191  3.1450e-29  2992.3657
 1881.289564  1.3950e-31  4217.0724
 1881.637802  6.1250e-29  2850.5491
 1885.710183  2.4350e-31  4096.7487
 1886.217932  1.1730e-28  2712.1263
 1890.104607  4.1820e-31  3979.8156
 1890.772463  2.2070e-28  2577.1021
 1894.472715  7.0560e-31  3866.2772
 1895.301275  4.0830e-28  2445.4812
 1898.814388  1.1700e-30  3756.1374
 1899.804251  7.4230e-28  2317.2682
 1903.129507  1.9060e-30  3649.4002
 1904.281270  1.3270e-27  2192.4674
 1907.417953  3.0500e-30  3546.0692
 1908.732215  2.3290e-27  2071.0834
 1911.679604  4.7960e-30  3446.1481
 1913.156964  4.0200e-27  1953.1202
 1915.914342  7.4080e-30  3349.6405
 1917.555399  6.8150e-27  1838.5820
 1920.122047  1.1240e-29  3256.5495
 1921.927400  1.1350e-26  1727.4728
 1924.302599  1.6740e-29  3166.8787
 1926.272848  1.8580e-26  1619.7964
 1928.455877  2.4490e-29  3080.6310
 1930.591623  2.9870e-26  1515.5565
 1932.581761  3.5170e-29  2997.8095
 1934.883605  4.7170e-26  1414.7568
 1936.680131  4.9580e-29  2918.4171
 1939.148674  7.3160e-26  1317.4009
 1940.750866  6.8600e-29  2842.4565
 1943.386710  1.1140e-25  1223.4920
 1944.793846  9.3120e-29  2769.9305
 1947.597592  1.6660e-25  1133.0334
 1948.808951  1.2400e-28  2700.8416
 1951.781201  2.4470e-25  1046.0283
 1952.796060  1.6200e-28  2635.1922
 1955.937416  3.5260e-25   962.4796
 1956.755052  2.0740e-28  2572.9846
 1960.066116  4.9880e-25   882.3904
 1960.685806  2.6020e-28  2514.2209
 1964.167181  6.9240e-25   805.7634
 1964.588202  3.1980e-28  2458.9033
 1968.240491  9.4290e-25   732.6011
 1968.462118  3.8480e-28  2407.0337
 1972.285924  1.2590e-24   662.9063
 1972.307434  4.5310e-28  2358.6138
 1976.124030  5.2140e-28  2313.6454
 1976.303361  1.6490e-24   596.6812
 1979.911783  5.8580e-28  2272.1301
 1980.292679  2.1180e-24   533.9283
 1983.670573  6.4210e-28  2234.0693
 1984.253759  2.6640e-24   474.6496
 1987.400279  6.8500e-28  2199.4643
 1988.186479  3.2820e-24   418.8472
 1991.100780  7.0980e-28  2168.3163
 1992.090718  3.9580e-24   366.5231
 1994.771954  7.1190e-28  2140.6265
 1995.966356  4.6690e-24   317.6791
 1998.413681  6.8780e-28  2116.3958
 1999.813272  5.3840e-24   272.3168
 2002.025840  6.3520e-28  2095.6250
 2003.631344  6.0610e-24   230.4379
 2005.608309  5.5380e-28  2078.3150
 2007.420451  6.6530e-24   192.0438
 2009.160967  4.4510e-28  2064.4662
 2011.180472  7.1090e-24   157.1358
 2012.683693  3.1270e-28  2054.0792
 2014.911286  7.3760e-24   125.7152
 2016.176366  1.6200e-28  2047.1543
 2018.612772  7.4070e-24    97.7830
 2022.284809  7.1640e-24    73.3402
 2023.071067  1.6530e-28  2043.6918
 2025.927275  6.6220e-24    52.3877
 2026.472854  3.2580e-28  2047.1543
 2029.540050  5.7780e-24    34.9261
 2029.844102  4.7330e-28  2054.0792
 2033.123012  4.6470e-24    20.9562
 2033.184692  6.0110e-28  2064.4662
 2036.494502  7.0380e-28  2078.3150
 2036.676040  3.2660e-24    10.4783
 2039.773411  7.7780e-28  2095.6250
 2040.199012  1.6920e-24     3.4928
 2043.021297  8.2180e-28  2116.3958
 2046.238041  8.3640e-28  2140.6265
 2047.154307  1.7280e-24     0.0000
 2049.423520  8.2390e-28  2168.3163
 2050.586387  3.4050e-24     3.4928
 2052.577613  7.8820e-28  2199.4643
 2053.987927  4.9450e-24    10.4783
 2055.700201  7.3410e-28  2234.0693
 2057.358806  6.2780e-24    20.9562
 2058.791161  6.6680e-28  2272.1301
 2060.698903  7.3460e-24    34.9261
 2061.850374  5.9140e-28  2313.6454
 2064.008096  8.1130e-24    52.3877
 2064.877717  5.1270e-28  2358.6138
 2067.286266  8.5640e-24    73.3402
 2067.873071  4.3490e-28  2407.0337
 2070.533290  8.7070e-24    97.7830
 2070.836314  3.6110e-28  2458.9033
 2073.749048  8.5680e-24   125.7152
 2073.767326  2.9380e-28  2514.2209
 2076.665986  2.3420e-28  2572.9846
 2076.933419  8.1870e-24   157.1358
 2079.532173  1.8300e-28  2635.1922
 2080.086281  7.6140e-24   192.0438
 2082.365767  1.4020e-28  2700.8416
 2083.207515  6.9050e-24   230.4379
 2085.166648  1.0540e-28  2769.9305
 2086.296999  6.1130e-24   272.3168
 2087.934694  7.7770e-29  2842.4565
 2089.354612  5.2900e-24   317.6791
 2090.669785  5.6300e-29  2918.4171
 2092.380234  4.4790e-24   366.5231
 2093.371802  4.0000e-29  2997.8095
 2095.373744  3.7110e-24   418.8472
 2096.040622  2.7910e-29  3080.6310
 2098.335021  3.0120e-24   474.6496
 2098.676127  1.9120e-29  3166.8787
 2101.263945  2.3950e-24   533.9283
 2101.278197  1.2860e-29  3256.5495
 2103.846709  8.4970e-30  3349.6405
 2104.160395  1.8670e-24   596.6812
 2106.381546  5.5140e-30  3446.1481
 2107.024251  1.4270e-24   662.9063
 2108.882587  3.5150e-30  3546.0692
 2109.855392  1.0690e-24   732.6011
 2111.349711  2.2020e-30  3649.4002
 2112.653699  7.8640e-25   805.7634
 2113.782798  1.3550e-30  3756.1374
 2115.419049  5.6740e-25   882.3904
 2116.181729  8.1950e-31  3866.2772
 2118.151325  4.0190e-25   962.4796
 2118.546384  4.8700e-31  3979.8156
 2120.850404  2.7940e-25  1046.0283
 2120.876644  2.8440e-31  4096.7487
 2123.172388  1.6330e-31  4217.0724
 2123.516168  1.9070e-25  1133.0334
 2126.148495  1.2780e-25  1223.4920
 2128.747267  8.4100e-26  1317.4009
 2131.312362  5.4360e-26  1414.7568
 2133.843662  3.4510e-26  1515.5565
 2136.341047  2.1520e-26  1619.7964
 2138.804396  1.3180e-26  1727.4728
 2141.233590  7.9360e-27  1838.5820
 2143.628509  4.6930e-27  1953.1202
 2145.989035  2.7270e-27  2071.0834
 2148.315047  1.5580e-27  2192.4674
 2150.606426  8.7430e-28  2317.2682
 2152.863053  4.8230e-28  2445.4812
 2155.084809  2.6150e-28  2577.1021
 2157.271573  1.3940e-28  2712.1263
 2159.423229  7.2990e-29  2850.5491
 2161.539655  3.7580e-29  2992.3657
 2163.620734  1.9030e-29  3137.5712
 2165.666345  9.4720e-30  3286.1604
 2167.676371  4.6340e-30  3438.1282
 2169.650693  2.2300e-30  3593.4694
 2171.589192  1.0550e-30  3752.1785
 2173.491748  4.9090e-31  3914.2501
 2175.358244  2.2460e-31  4079.6784
 2177.188561  1.0100e-31  4248.4577
 3871.829037  1.9730e-31  2992.3657
 3877.646462  3.8520e-31  2850.5491
 3883.408108  7.3940e-31  2712.1263
 3889.113857  1.3950e-30  2577.1021
 3894.763591  2.5880e-30  2445.4812
 3900.357191  4.7180e-30  2317.2682
 3905.894538  8.4530e-30  2192.4674
 3905.919523  1.1330e-31  3256.5495
 3910.857409  1.6930e-31  3166.8787
 3911.375513  1.4880e-29  2071.0834
 3915.737728  2.4840e-31  3080.6310
 3916.800000  2.5750e-29  1953.1202
 3920.560359  3.5780e-31  2997.8095
 3922.167875  4.3790e-29  1838.5820
 3925.325181  5.0600e-31  2918.4171
 3927.479022  7.3150e-29  1727.4728
 3930.032076  7.0220e-31  2842.4565
 3932.733320  1.2010e-28  1619.7964
 3934.680921  9.5640e-31  2769.9305
 3937.930650  1.9360e-28  1515.5565
 3939.271598  1.2780e-30  2700.8416
 3943.070892  3.0660e-28  1414.7568
 3943.803985  1.6740e-30  2635.1922
 3948.153926  4.7700e-28  1317.4009
 3948.277961  2.1500e-30  2572.9846
 3952.693407  2.7070e-30  2514.2209
 3953.179632  7.2860e-28  1223.4920
 3957.050201  3.3390e-30  2458.9033
 3958.147890  1.0930e-27  1133.0334
 3961.348222  4.0310e-30  2407.0337
 3963.058581  1.6100e-27  1046.0283
 3965.587350  4.7610e-30  2358.6138
 3967.911582  2.3270e-27   962.4796
 3969.767464  5.4980e-30  2313.6454
 3972.706774  3.3030e-27   882.3904
 3973.888442  6.2000e-30  2272.1301
 3977.444037  4.5990e-27   805.7634
 3977.950164  6.8180e-30  2234.0693
 3981.952508  7.3000e-30  2199.4643
 3982.123249  6.2830e-27   732.6011
 3985.895355  7.5910e-30  2168.3163
 3986.744290  8.4200e-27   662.9063
 3989.778582  7.6400e-30  2140.6265
 3991.307040  1.1060e-26   596.6812
 3993.602068  7.4080e-30  2116.3958
 3995.811377  1.4250e-26   533.9283
 3997.365692  6.8670e-30  2095.6250
 4000.257180  1.7990e-26   474.6496
 4001.069334  6.0090e-30  2078.3150
 4004.644329  2.2240e-26   418.8472
 4004.712871  4.8480e-30  2064.4662
 4008.296184  3.4180e-30  2054.0792
 4008.972703  2.6910e-26   366.5231
 4011.819150  1.7780e-30  2047.1543
 4013.242180  3.1850e-26   317.6791
 4017.452639  3.6860e-26   272.3168
 4018.683558  1.8280e-30  2043.6918
 4021.603960  4.1640e-26   230.4379
 4022.024758  3.6160e-30  2047.1543
 4025.305128  5.2740e-30  2054.0792
 4025.696021  4.5870e-26   192.0438
 4028.524545  6.7250e-30  2064.4662
 4029.728700  4.9190e-26   157.1358
 4031.682889  7.9040e-30  2078.3150
 4033.701878  5.1220e-26   125.7152
 4034.780038  8.7700e-30  2095.6250
 4037.615432  5.1620e-26    97.7830
 4037.815872  9.3030e-30  2116.3958
 4040.790270  9.5060e-30  2140.6265
 4041.469241  5.0110e-26    73.3402
 4043.703111  9.4020e-30  2168.3163
 4045.263185  4.6490e-26    52.3877
 4046.554272  9.0320e-30  2199.4643
 4048.997142  4.0720e-26    34.9261
 4049.343635  8.4460e-30  2234.0693
 4052.071077  7.7030e-30  2272.1301
 4052.670990  3.2870e-26    20.9562
 4054.736478  6.8610e-30  2313.6454
 4056.284608  2.3190e-26    10.4783
 4057.339716  5.9730e-30  2358.6138
 4059.837877  1.2060e-26     3.4928
 4059.880672  5.0880e-30  2407.0337
 4062.359224  4.2430e-30  2458.9033
 4064.775251  3.4660e-30  2514.2209
 4066.762876  1.2410e-26     0.0000
 4067.128633  2.7750e-30  2572.9846
 4069.419248  2.1780e-30  2635.1922
 4070.134365  2.4550e-26     3.4928
 4071.646977  1.6760e-30  2700.8416
 4073.445018  3.5800e-26    10.4783
 4073.811699  1.2660e-30  2769.9305
 4075.913292  9.3770e-31  2842.4565
 4076.694715  4.5630e-26    20.9562
 4077.951637  6.8180e-31  2918.4171
 4079.883335  5.3600e-26    34.9261
 4079.926612  4.8670e-31  2997.8095
 4081.838098  3.4100e-31  3080.6310
 4083.010756  5.9430e-26    52.3877
 4083.685974  2.3470e-31  3166.8787
 4085.470119  1.5860e-31  3256.5495
 4086.076857  6.2990e-26    73.3402
 4087.190413  1.0520e-31  3349.6405
 4089.081518  6.4310e-26    97.7830
 4092.024618  6.3540e-26   125.7152
 4094.906035  6.0960e-26   157.1358
 4097.725649  5.6930e-26   192.0438
 4100.483338  5.1840e-26   230.4379
 4103.178983  4.6100e-26   272.3168
 4105.812463  4.0060e-26   317.6791
 4108.383656  3.4060e-26   366.5231
 4110.892442  2.8340e-26   418.8472
 4113.338701  2.3100e-26   474.6496
 4115.722311  1.8450e-26   533.9283
 4118.043153  1.4440e-26   596.6812
 4120.301107  1.1090e-26   662.9063
 4122.496050  8.3460e-27   732.6011
 4124.627865  6.1650e-27   805.7634
 4126.696429  4.4690e-27   882.3904
 4128.701623  3.1790e-27   962.4796
 4130.643326  2.2200e-27  1046.0283
 4132.521419  1.5220e-27  1133.0334
 4134.335781  1.0250e-27  1223.4920
 4136.086293  6.7750e-28  1317.4009
 4137.772834  4.3990e-28  1414.7568
 4139.395284  2.8060e-28  1515.5565
 4140.953523  1.7580e-28  1619.7964
 4142.447432  1.0820e-28  1727.4728
 4143.876889  6.5440e-29  1838.5820
 4145.241777  3.8890e-29  1953.1202
 4146.541974  2.2710e-29  2071.0834
 4147.777362  1.3030e-29  2192.4674
 4148.947820  7.3480e-30  2317.2682
 4150.053229  4.0730e-30  2445.4812
 4151.093469  2.2190e-30  2577.1021
 4152.068420  1.1880e-30  2712.1263
 4152.977962  6.2550e-31  2850.5491
 4153.821977  3.2370e-31  2992.3657
 4154.600343  1.6470e-31  3137.5712
 5896.447872  1.2190e-31  1953.1202
 5902.785149  2.0840e-31  1838.5820
 5909.035401  3.5010e-31  1727.4728
 5915.198509  5.7780e-31  1619.7964
 5921.274353  9.3690e-31  1515.5565
 5927.262814  1.4930e-30  1414.7568
 5933.163772  2.3350e-30  1317.4009
 5938.977108  3.5880e-30  1223.4920
 5944.702701  5.4130e-30  1133.0334
 5950.340432  8.0180e-30  1046.0283
 5955.890180  1.1670e-29   962.4796
 5961.351825  1.6640e-29   882.3904
 5966.725247  2.3310e-29   805.7634
 5972.010324  3.2040e-29   732.6011
 5977.206937  4.3190e-29   662.9063
 5982.314965  5.7100e-29   596.6812
 5987.334287  7.3980e-29   533.9283
 5992.264782  9.3940e-29   474.6496
 5997.106329  1.1690e-28   418.8472
 6001.858807  1.4220e-28   366.5231
 6006.522095  1.6940e-28   317.6791
 6011.096073  1.9720e-28   272.3168
 6015.580619  2.2420e-28   230.4379
 6019.975612  2.4840e-28   192.0438
 6024.280930  2.6810e-28   157.1358
 6028.496453  2.8080e-28   125.7152
 6032.622059  2.8480e-28    97.7830
 6036.657628  2.7810e-28    73.3402
 6040.603037  2.5970e-28    52.3877
 6044.458167  2.2880e-28    34.9261
 6048.222894  1.8590e-28    20.9562
 6051.897100  1.3190e-28    10.4783
 6055.480661  6.9080e-29     3.4928
 6062.375367  7.1960e-29     0.0000
 6065.686269  1.4320e-28     3.4928
 6068.906043  2.1020e-28    10.4783
 6072.034568  2.6960e-28    20.9562
 6075.071721  3.1870e-28    34.9261
 6078.017383  3.5560e-28    52.3877
 6080.871432  3.7930e-28    73.3402
 6083.633748  3.8980e-28    97.7830
 6086.304209  3.8750e-28   125.7152
 6088.882694  3.7420e-28   157.1358
 6091.369083  3.5170e-28   192.0438
 6093.763254  3.2230e-28   230.4379
 6096.065087  2.8840e-28   272.3168
 6098.274462  2.5220e-28   317.6791
 6100.391257  2.1580e-28   366.5231
 6102.415352  1.8080e-28   418.8472
 6104.346626  1.4830e-28   474.6496
 6106.184958  1.1910e-28   533.9283
 6107.930228  9.3890e-29   596.6812
 6109.582316  7.2540e-29   662.9063
 6111.141101  5.4960e-29   732.6011
 6112.606463  4.0870e-29   805.7634
 6113.978280  2.9820e-29   882.3904
 6115.256433  2.1350e-29   962.4796
 6116.440802  1.5000e-29  1046.0283
 6117.531265  1.0350e-29  1133.0334
 6118.527704  7.0160e-30  1223.4920
 6119.429996  4.6680e-30  1317.4009
 6120.238023  3.0510e-30  1414.7568
 6120.951663  1.9590e-30  1515.5565
 6121.570797  1.2350e-30  1619.7964
 6122.095304  7.6520e-31  1727.4728
 6122.525063  4.6580e-31  1838.5820
 6122.859956  2.7860e-31  1953.1202
 6123.099861  1.6370e-31  2071.0834
 7949.385430  1.1690e-31   596.6812
 7954.919699  1.5530e-31   533.9283
 7960.334849  2.0220e-31   474.6496
 7965.630760  2.5780e-31   418.8472
 7970.807311  3.2160e-31   366.5231
 7975.864380  3.9240e-31   317.6791
 7980.801848  4.6770e-31   272.3168
 7985.619592  5.4430e-31   230.4379
 7990.317492  6.1740e-31   192.0438
 7994.895428  6.8150e-31   157.1358
 7999.353277  7.3030e-31   125.7152
 8003.690918  7.5720e-31    97.7830
 8007.908231  7.5590e-31    73.3402
 8012.005094  7.2120e-31    52.3877
 8015.981386  6.4930e-31    34.9261
 8019.836986  5.3870e-31    20.9562
 8023.571772  3.9050e-31    10.4783
 8027.185624  2.0870e-31     3.4928
 8034.050039  2.2640e-31     0.0000
 8037.300360  4.5950e-31     3.4928
 8040.429262  6.8780e-31    10.4783
 8043.436624  8.9940e-31    20.9562
 8046.322324  1.0840e-30    34.9261
 8049.086242  1.2320e-30    52.3877
 8051.728256  1.3390e-30    73.3402
 8054.248246  1.4020e-30    97.7830
 8056.646090  1.4190e-30   125.7152
 8058.921667  1.3960e-30   157.1358
 8061.074857  1.3350e-30   192.0438
 8063.105539  1.2450e-30   230.4379
 8065.013591  1.1340e-30   272.3168
 8066.798893  1.0090e-30   317.6791
 8068.461324  8.7830e-31   366.5231
 8070.000764  7.4810e-31   418.8472
 8071.417091  6.2400e-31   474.6496
 8072.710184  5.0990e-31   533.9283
 8073.879924  4.0830e-31   596.6812
 8074.926189  3.2060e-31   662.9063
 8075.848858  2.4690e-31   732.6011
 8076.647811  1.8640e-31   805.7634
 8077.322928  1.3820e-31   882.3904
 8077.874086  1.0050e-31   962.4796
