    3.484504  1.3110e-43  6131.4792
    3.515925  6.9200e-39  4112.2588
    3.547348  2.8680e-34  2068.4521
    3.578774  1.1250e-29     0.0000
    6.968880  1.0200e-42  6134.9637
    7.031722  5.3900e-38  4115.7747
    7.094569  2.2340e-33  2071.9994
    7.157421  8.7660e-29     3.5788
   10.453002  3.2910e-42  6141.9326
   10.547266  1.7400e-37  4122.8064
   10.641536  7.2140e-33  2079.0940
   10.735813  2.8300e-28    10.7362
   13.936743  7.3210e-42  6152.3856
   14.062427  3.8750e-37  4133.3537
   14.188121  1.6070e-32  2089.7355
   14.313824  6.3030e-28    21.4720
   17.419975  1.3180e-41  6166.3223
   17.577080  6.9860e-37  4147.4161
   17.734197  2.8980e-32  2103.9236
   17.891326  1.1360e-27    35.7858
   20.902571  2.0610e-41  6183.7423
   21.091097  1.0950e-36  4164.9932
   21.279638  4.5420e-32  2121.6578
   21.468191  1.7810e-27    53.6772
   24.384403  2.9080e-41  6204.6449
   24.604351  1.5480e-36  4186.0843
   24.824315  6.4270e-32  2142.9375
   25.044294  2.5190e-27    75.1453
   27.865346  3.7880e-41  6229.0293
   28.116714  2.0220e-36  4210.6887
   28.368102  8.3980e-32  2167.7618
   28.619506  3.2910e-27   100.1896
   31.345271  4.6210e-41  6256.8946
   31.628061  2.4750e-36  4238.8054
   31.910871  1.0280e-31  2196.1299
   32.193701  4.0290e-27   128.8091
   34.824052  5.3340e-41  6288.2399
   35.138262  2.8660e-36  4270.4334
   35.452496  1.1920e-31  2228.0408
   35.766751  4.6680e-27   161.0028
   38.301561  5.8660e-41  6323.0640
   38.647193  3.1650e-36  4305.5717
   38.992850  1.3170e-31  2263.4932
   39.338529  5.1550e-27   196.7696
   41.777671  6.1780e-41  6361.3655
   42.154724  3.3480e-36  4344.2189
   42.531804  1.3940e-31  2302.4861
   42.908909  5.4560e-27   236.1081
   45.252256  6.2570e-41  6403.1432
   45.660731  3.4070e-36  4386.3736
   46.069234  1.4200e-31  2345.0179
   46.477763  5.5550e-27   279.0170
   48.725189  6.1120e-41  6448.3954
   49.165084  3.3460e-36  4432.0343
   49.605010  1.3960e-31  2391.0871
   50.044964  5.4580e-27   325.4948
   52.196342  5.7730e-41  6497.1206
   52.667659  3.1790e-36  4481.1994
   53.139008  1.3270e-31  2440.6921
   53.610386  5.1890e-27   375.5398
   55.665589  5.2820e-41  6549.3170
   56.168327  2.9270e-36  4533.8671
   56.671099  1.2240e-31  2493.8312
   57.173901  4.7810e-27   429.1502
   59.132803  4.6890e-41  6604.9826
   59.666962  2.6170e-36  4590.0354
   60.201156  1.0950e-31  2550.5023
   60.735383  4.2780e-27   486.3241
   62.597856  4.0450e-41  6664.1154
   63.163437  2.2740e-36  4649.7024
   63.729054  9.5330e-32  2610.7034
   64.294705  3.7220e-27   547.0594
   66.060623  3.3940e-41  6726.7132
   66.657626  1.9240e-36  4712.8658
   67.254666  8.0760e-32  2674.4325
   67.851740  3.1510e-27   611.3541
   69.520977  2.7720e-41  6792.7739
   70.149401  1.5850e-36  4779.5234
   70.777864  6.6660e-32  2741.6871
   71.406362  2.6000e-27   679.2059
   72.978791  2.2050e-41  6862.2948
   73.638637  1.2730e-36  4849.6728
   74.298522  5.3650e-32  2812.4650
   74.958444  2.0910e-27   750.6122
   76.433939  1.7110e-41  6935.2736
   77.125206  9.9810e-37  4923.3115
   77.816514  4.2130e-32  2886.7635
   78.507859  1.6420e-27   825.5707
   79.886293  1.2940e-41  7011.7076
   80.608982  7.6370e-37  5000.4367
   81.331713  3.2310e-32  2964.5800
   82.054481  1.2580e-27   904.0785
   83.335728  9.5560e-42  7091.5939
   84.089839  5.7070e-37  5081.0457
   84.843993  2.4200e-32  3045.9117
   85.598184  9.4200e-28   986.1330
   86.782118  6.8880e-42  7174.9296
   87.567651  4.1670e-37  5165.1355
   88.353227  1.7720e-32  3130.7557
   89.138841  6.8940e-28  1071.7312
   90.225335  4.8480e-42  7261.7117
   91.042291  2.9750e-37  5252.7031
   91.859290  1.2680e-32  3219.1090
   92.676326  4.9320e-28  1160.8700
   93.665254  3.3330e-42  7351.9370
   94.513632  2.0770e-37  5343.7454
   95.362054  8.8800e-33  3310.9682
   96.210513  3.4520e-28  1253.5464
   97.101749  2.2380e-42  7445.6023
   97.981550  1.4180e-37  5438.2591
   98.861395  6.0830e-33  3406.3303
   99.741276  2.3640e-28  1349.7569
  100.534693  1.4690e-42  7542.7040
  101.445918  9.4730e-38  5536.2406
  102.357185  4.0780e-33  3505.1917
  103.268489  1.5840e-28  1449.4982
  103.963961  9.4210e-43  7643.2387
  104.906609  6.1940e-38  5637.6865
  105.849300  2.6770e-33  3607.5489
  106.792026  1.0400e-28  1552.7667
  107.389426  5.9050e-43  7747.2027
  108.363499  3.9640e-38  5742.5931
  109.337613  1.7200e-33  3713.3982
  110.311761  6.6810e-29  1659.5587
  110.810964  3.6170e-43  7854.5921
  111.816461  2.4840e-38  5850.9566
  112.821998  1.0830e-33  3822.7358
  113.827569  4.2050e-29  1769.8704
  114.228446  2.1650e-43  7965.4031
  115.265369  1.5240e-38  5962.7731
  116.302330  6.6770e-34  3935.5578
  117.339324  2.5930e-29  1883.6980
  117.641751  1.2670e-43  8079.6315
  118.710098  9.1610e-39  6078.0385
  119.778483  4.0340e-34  4051.8601
  120.846900  1.5660e-29  2001.0373
  121.050750  7.2420e-44  8197.2733
  122.150524  5.3930e-39  6196.7486
  123.250333  2.3880e-34  4171.6386
  124.350171  9.2740e-30  2121.8842
  124.455319  4.0440e-44  8318.3240
  125.586519  3.1100e-39  6318.8991
  126.717753  1.3860e-34  4294.8889
  127.849014  5.3820e-30  2246.2344
  127.855333  2.2060e-44  8442.7793
  129.017960  1.7570e-39  6444.4856
  130.180619  7.8800e-35  4421.6067
  131.250665  1.1750e-44  8570.6347
  131.343303  3.0620e-30  2374.0834
  132.444721  9.7230e-40  6573.5036
  133.638805  4.3930e-35  4551.7873
  134.832912  1.7080e-30  2505.4267
  135.866676  5.2730e-40  6705.9483
  137.092187  2.4010e-35  4685.4261
  138.026788  3.0980e-45  8836.5265
  138.317717  9.3400e-31  2640.2596
  139.283701  2.8020e-40  6841.8150
  140.540639  1.2870e-35  4822.5183
  141.407328  1.5320e-45  8974.5533
  141.797592  5.0090e-31  2778.5773
  142.695672  1.4590e-40  6981.0987
  143.984037  6.7630e-36  4963.0589
  145.272414  2.6350e-31  2920.3749
  146.102463  7.4430e-41  7123.7943
  147.422256  3.4850e-36  5107.0430
  148.742057  1.3600e-31  3065.6474
  149.503949  3.7210e-41  7269.8968
  150.855171  1.7620e-36  5254.4652
  152.206397  6.8810e-32  3214.3894
  152.900007  1.8230e-41  7419.4008
  154.282659  8.7320e-37  5405.3204
  155.665309  3.4170e-32  3366.5958
  156.290513  8.7520e-42  7572.3008
  157.704594  4.2460e-37  5559.6031
  159.118671  1.6650e-32  3522.2611
  159.675340  4.1160e-42  7728.5913
  161.120853  2.0250e-37  5717.3077
  162.566356  7.9560e-33  3681.3798
  163.054367  1.8970e-42  7888.2666
  164.531312  9.4750e-38  5878.4285
  166.008242  3.7320e-33  3843.9461
  166.427468  8.5620e-43  8051.3210
  167.935847  4.3490e-38  6042.9598
  169.444205  1.7180e-33  4009.9544
  169.794521  3.7860e-43  8217.7485
  171.334334  1.9580e-38  6210.8957
  172.874121  7.7580e-34  4179.3986
  173.155400  1.6390e-43  8387.5430
  174.726650  8.6490e-39  6382.2300
  176.297867  3.4390e-34  4352.2727
  176.509983  6.9510e-44  8560.6984
  178.112671  3.7480e-39  6556.9567
  179.715318  1.4960e-34  4528.5706
  179.858147  2.8850e-44  8737.2084
  181.492273  1.5930e-39  6735.0693
  183.126353  6.3900e-35  4708.2859
  183.199767  1.1720e-44  8917.0665
  184.865334  6.6450e-40  6916.5616
  186.530847  2.6780e-35  4891.4122
  188.231731  2.7190e-40  7101.4269
  189.862886  1.8110e-45  9286.8010
  189.928679  1.1020e-35  5077.9431
  191.591341  1.0910e-40  7289.6587
  193.319724  4.4510e-36  5267.8718
  194.944040  4.2970e-41  7481.2500
  196.703861  1.7650e-36  5461.1915
  198.289706  1.6590e-41  7676.1940
  200.080968  6.8690e-37  5657.8954
  201.628218  6.2870e-42  7874.4838
  203.450921  2.6250e-37  5857.9763
  204.959452  2.3360e-42  8076.1120
  206.813598  9.8460e-38  6061.4272
  208.283287  8.5120e-43  8281.0714
  210.168878  3.6260e-38  6268.2408
  211.599600  3.0420e-43  8489.3547
  213.516639  1.3110e-38  6478.4097
  214.908270  1.0660e-43  8700.9543
  216.856759  4.6530e-39  6691.9264
  218.209175  3.6600e-44  8915.8626
  220.189116  1.6210e-39  6908.7831
  221.502193  1.2320e-44  9134.0718
  223.513590  5.5460e-40  7128.9722
  224.787203  4.0660e-45  9355.5739
  226.830059  1.8620e-40  7352.4858
  228.064085  1.3140e-45  9580.3611
  230.138401  6.1400e-41  7579.3159
  233.438497  1.9870e-41  7809.4543
  236.730225  6.3120e-42  8042.8928
  240.013466  1.9680e-42  8279.6230
  243.288098  6.0230e-43  8519.6365
  246.554001  1.8090e-43  8762.9246
  249.811056  5.3320e-44  9009.4786
  253.059142  1.5420e-44  9259.2896
  256.298140  4.3750e-45  9512.3488
  259.527931  1.2180e-45  9768.6469
 1873.361516  1.0850e-31  3843.9461
 1878.223278  2.3440e-31  3681.3798
 1883.059290  4.9770e-31  3522.2611
 1887.869428  1.0390e-30  3366.5958
 1892.653569  2.1310e-30  3214.3894
 1897.411589  4.2940e-30  3065.6474
 1902.143364  8.5060e-30  2920.3749
 1906.848769  1.6550e-29  2778.5773
 1911.527680  3.1660e-29  2640.2596
 1915.398856  9.8290e-32  3935.5578
 1916.179973  5.9500e-29  2505.4267
 1919.857356  1.6500e-31  3822.7358
 1920.805522  1.0990e-28  2374.0834
 1924.288359  2.7230e-31  3713.3982
 1925.404203  1.9920e-28  2246.2344
 1928.691741  4.4120e-31  3607.5489
 1929.975891  3.5490e-28  2121.8842
 1933.067376  7.0200e-31  3505.1917
 1934.520462  6.2100e-28  2001.0373
 1937.415138  1.0970e-30  3406.3303
 1939.037787  1.0670e-27  1883.6980
 1941.734901  1.6830e-30  3310.9682
 1943.527744  1.8020e-27  1769.8704
 1946.026540  2.5330e-30  3219.1090
 1947.990205  2.9870e-27  1659.5587
 1950.289927  3.7440e-30  3130.7557
 1952.425046  4.8630e-27  1552.7667
 1954.524938  5.4290e-30  3045.9117
 1956.832141  7.7710e-27  1449.4982
 1958.731445  7.7270e-30  2964.5800
 1961.211363  1.2190e-26  1349.7569
 1962.909322  1.0790e-29  2886.7635
 1965.562586  1.8780e-26  1253.5464
 1967.058443  1.4770e-29  2812.4650
 1969.885685  2.8390e-26  1160.8700
 1971.178682  1.9840e-29  2741.6871
 1974.180533  4.2120e-26  1071.7312
 1975.269910  2.6110e-29  2674.4325
 1978.447004  6.1320e-26   986.1330
 1979.332003  3.3680e-29  2610.7034
 1982.684971  8.7570e-26   904.0785
 1983.364833  4.2550e-29  2550.5023
 1986.894308  1.2270e-25   825.5707
 1987.368272  5.2660e-29  2493.8312
 1991.074888  1.6860e-25   750.6122
 1991.342196  6.3750e-29  2440.6921
 1995.226584  2.2700e-25   679.2059
 1995.286476  7.5480e-29  2391.0871
 1999.200985  8.7330e-29  2345.0179
 1999.349270  2.9970e-25   611.3541
 2003.085597  9.8590e-29  2302.4861
 2003.442818  3.8760e-25   547.0594
 2006.940184  1.0860e-28  2263.4932
 2007.507103  4.9110e-25   486.3241
 2010.764619  1.1630e-28  2228.0408
 2011.541997  6.0910e-25   429.1502
 2014.558776  1.2090e-28  2196.1299
 2015.547372  7.3920e-25   375.5398
 2018.322527  1.2170e-28  2167.7618
 2019.523103  8.7710e-25   325.4948
 2022.055745  1.1800e-28  2142.9375
 2023.469062  1.0170e-24   279.0170
 2025.758302  1.0920e-28  2121.6578
 2027.385121  1.1510e-24   236.1081
 2029.430073  9.5420e-29  2103.9236
 2031.271154  1.2690e-24   196.7696
 2033.070928  7.6820e-29  2089.7355
 2035.127034  1.3610e-24   161.0028
 2036.680742  5.4040e-29  2079.0940
 2038.952633  1.4180e-24   128.8091
 2040.259386  2.8020e-29  2071.9994
 2042.747825  1.4290e-24   100.1896
 2046.512481  1.3860e-24    75.1453
 2047.322659  2.8620e-29  2068.4521
 2050.246475  1.2850e-24    53.6772
 2050.807034  5.6350e-29  2071.9994
 2053.949680  1.1230e-24    35.7858
 2054.259730  8.1810e-29  2079.0940
 2057.621968  9.0470e-25    21.4720
 2057.680621  1.0380e-28  2089.7355
 2061.069580  1.2130e-28  2103.9236
 2061.263211  6.3670e-25    10.7362
 2064.426480  1.3380e-28  2121.6578
 2064.873284  3.3030e-25     3.5788
 2067.751193  1.4100e-28  2142.9375
 2071.043592  1.4310e-28  2167.7618
 2071.999406  3.3730e-25     0.0000
 2074.303551  1.4050e-28  2196.1299
 2075.515201  6.6420e-25     3.5788
 2077.530942  1.3390e-28  2228.0408
 2078.999317  9.6410e-25    10.7362
 2080.725639  1.2420e-28  2263.4932
 2082.451625  1.2220e-24    21.4720
 2083.887514  1.1230e-28  2302.4861
 2085.871998  1.4280e-24    35.7858
 2087.016440  9.9080e-29  2345.0179
 2089.260310  1.5740e-24    53.6772
 2090.112290  8.5490e-29  2391.0871
 2092.616434  1.6570e-24    75.1453
 2093.174939  7.2090e-29  2440.6921
 2095.940241  1.6800e-24   100.1896
 2096.204258  5.9500e-29  2493.8312
 2099.200121  4.8080e-29  2550.5023
 2099.231606  1.6470e-24   128.8091
 2102.162401  3.8060e-29  2610.7034
 2102.490402  1.5690e-24   161.0028
 2105.090973  2.9530e-29  2674.4325
 2105.716500  1.4520e-24   196.7696
 2107.985708  2.2450e-29  2741.6871
 2108.909775  1.3110e-24   236.1081
 2110.846481  1.6740e-29  2812.4650
 2112.070100  1.1550e-24   279.0170
 2113.673164  1.2240e-29  2886.7635
 2115.197347  9.9470e-25   325.4948
 2116.465633  8.7830e-30  2964.5800
 2118.291390  8.3690e-25   375.5398
 2119.223759  6.1830e-30  3045.9117
 2121.352103  6.8920e-25   429.1502
 2121.947417  4.2710e-30  3130.7557
 2124.379358  5.5570e-25   486.3241
 2124.636481  2.8960e-30  3219.1090
 2127.290824  1.9280e-30  3310.9682
 2127.373029  4.3870e-25   547.0594
 2129.910320  1.2590e-30  3406.3303
 2130.332989  3.3940e-25   611.3541
 2132.494843  8.0810e-31  3505.1917
 2133.259113  2.5730e-25   679.2059
 2135.044267  5.0910e-31  3607.5489
 2136.151273  1.9130e-25   750.6122
 2137.558466  3.1500e-31  3713.3982
 2139.009343  1.3950e-25   825.5707
 2140.037314  1.9140e-31  3822.7358
 2141.833198  9.9760e-26   904.0785
 2142.480684  1.1430e-31  3935.5578
 2144.622709  6.9960e-26   986.1330
 2147.377753  4.8160e-26  1071.7312
 2150.098201  3.2530e-26  1160.8700
 2152.783929  2.1570e-26  1253.5464
 2155.434811  1.4030e-26  1349.7569
 2158.050720  8.9670e-27  1449.4982
 2160.631530  5.6250e-27  1552.7667
 2163.177117  3.4640e-27  1659.5587
 2165.687353  2.0950e-27  1769.8704
 2168.162114  1.2450e-27  1883.6980
 2170.601274  7.2630e-28  2001.0373
 2173.004708  4.1620e-28  2121.8842
 2175.372290  2.3430e-28  2246.2344
 2177.703895  1.2960e-28  2374.0834
 2179.999397  7.0390e-29  2505.4267
 2182.258673  3.7570e-29  2640.2596
 2184.481595  1.9710e-29  2778.5773
 2186.668040  1.0150e-29  2920.3749
 2188.817882  5.1420e-30  3065.6474
 2190.930996  2.5590e-30  3214.3894
 2193.007258  1.2510e-30  3366.5958
 2195.046542  6.0150e-31  3522.2611
 2197.048725  2.8420e-31  3681.3798
 2199.013681  1.3190e-31  3843.9461
 3927.370950  1.0560e-31  2778.5773
 3933.243946  2.0250e-31  2640.2596
 3939.058898  3.8140e-31  2505.4267
 3944.815682  7.0610e-31  2374.0834
 3950.514172  1.2840e-30  2246.2344
 3956.154245  2.2940e-30  2121.8842
 3961.735777  4.0250e-30  2001.0373
 3967.258640  6.9380e-30  1883.6980
 3972.722711  1.1750e-29  1769.8704
 3975.531314  1.1180e-31  2886.7635
 3978.127863  1.9530e-29  1659.5587
 3980.308859  1.5360e-31  2812.4650
 3983.473971  3.1880e-29  1552.7667
 3985.026099  2.0690e-31  2741.6871
 3988.760910  5.1100e-29  1449.4982
 3989.682908  2.7320e-31  2674.4325
 3993.988554  8.0430e-29  1349.7569
 3994.279160  3.5350e-31  2610.7034
 3998.814728  4.4820e-31  2550.5023
 3999.156777  1.2430e-28  1253.5464
 4003.289484  5.5640e-31  2493.8312
 4004.265452  1.8840e-28  1160.8700
 4007.703303  6.7600e-31  2440.6921
 4009.314453  2.8040e-28  1071.7312
 4012.056057  8.0320e-31  2391.0871
 4014.303655  4.0950e-28   986.1330
 4016.347619  9.3250e-31  2345.0179
 4019.232930  5.8670e-28   904.0785
 4020.577863  1.0570e-30  2302.4861
 4024.102152  8.2460e-28   825.5707
 4024.746661  1.1680e-30  2263.4932
 4028.853886  1.2550e-30  2228.0408
 4028.911194  1.1360e-27   750.6122
 4032.899412  1.3100e-30  2196.1299
 4033.659931  1.5360e-27   679.2059
 4036.883110  1.3230e-30  2167.7618
 4038.348234  2.0340e-27   611.3541
 4040.804855  1.2870e-30  2142.9375
 4042.975977  2.6400e-27   547.0594
 4044.664518  1.1960e-30  2121.6578
 4047.543034  3.3560e-27   486.3241
 4048.461972  1.0490e-30  2103.9236
 4052.049277  4.1770e-27   429.1502
 4052.197091  8.4740e-31  2089.7355
 4055.869747  5.9830e-31  2079.0940
 4056.494578  5.0860e-27   375.5398
 4059.479812  3.1140e-31  2071.9994
 4060.878812  6.0560e-27   325.4948
 4065.201851  7.0460e-27   279.0170
 4066.511664  3.2050e-31  2068.4521
 4069.463567  8.0010e-27   236.1081
 4069.933196  6.3360e-31  2071.9994
 4073.291629  9.2350e-31  2079.0940
 4073.663834  8.8550e-27   196.7696
 4076.586836  1.1760e-30  2089.7355
 4077.802525  9.5360e-27   161.0028
 4079.818690  1.3800e-30  2103.9236
 4081.879511  9.9680e-27   128.8091
 4082.987063  1.5280e-30  2121.6578
 4085.894667  1.0080e-26   100.1896
 4086.091828  1.6170e-30  2142.9375
 4089.132859  1.6480e-30  2167.7618
 4089.847864  9.8140e-27    75.1453
 4092.110028  1.6250e-30  2196.1299
 4093.738975  9.1290e-27    53.6772
 4095.023209  1.5550e-30  2228.0408
 4097.567873  8.0120e-27    35.7858
 4097.872273  1.4480e-30  2263.4932
 4100.657095  1.3150e-30  2302.4861
 4101.334432  6.4790e-27    21.4720
 4103.377547  1.1660e-30  2345.0179
 4105.038522  4.5770e-27    10.7362
 4106.033502  1.0090e-30  2391.0871
 4108.624834  8.5500e-31  2440.6921
 4108.680018  2.3830e-27     3.5788
 4111.151415  7.0860e-31  2493.8312
 4113.613119  5.7510e-31  2550.5023
 4115.774717  2.4530e-27     0.0000
 4116.009819  4.5730e-31  2610.7034
 4118.341388  3.5630e-31  2674.4325
 4119.227666  4.8510e-27     3.5788
 4120.607699  2.7210e-31  2741.6871
 4122.617511  7.0690e-27    10.7362
 4122.808627  2.0380e-31  2812.4650
 4124.944044  1.4970e-31  2886.7635
 4125.944125  8.9980e-27    21.4720
 4127.013823  1.0790e-31  2964.5800
 4129.207381  1.0550e-26    35.7858
 4132.407152  1.1680e-26    53.6772
 4135.543312  1.2350e-26    75.1453
 4138.615732  1.2570e-26   100.1896
 4141.624286  1.2380e-26   128.8091
 4144.568848  1.1830e-26   161.0028
 4147.449289  1.1010e-26   196.7696
 4150.265484  9.9780e-27   236.1081
 4153.017306  8.8280e-27   279.0170
 4155.704627  7.6310e-27   325.4948
 4158.327321  6.4500e-27   375.5398
 4160.885262  5.3340e-27   429.1502
 4163.378322  4.3190e-27   486.3241
 4165.806376  3.4250e-27   547.0594
 4168.169296  2.6620e-27   611.3541
 4170.466957  2.0270e-27   679.2059
 4172.699232  1.5140e-27   750.6122
 4174.865994  1.1090e-27   825.5707
 4176.967117  7.9630e-28   904.0785
 4179.002476  5.6120e-28   986.1330
 4180.971943  3.8800e-28  1071.7312
 4182.875393  2.6330e-28  1160.8700
 4184.712699  1.7540e-28  1253.5464
 4186.483736  1.1470e-28  1349.7569
 4188.188377  7.3610e-29  1449.4982
 4189.826497  4.6390e-29  1552.7667
 4191.397970  2.8710e-29  1659.5587
 4192.902669  1.7450e-29  1769.8704
 4194.340468  1.0410e-29  1883.6980
 4195.711243  6.1050e-30  2001.0373
 4197.014867  3.5160e-30  2121.8842
 4198.251215  1.9890e-30  2246.2344
 4199.420161  1.1050e-30  2374.0834
 4200.521578  6.0340e-31  2505.4267
 4201.555342  3.2360e-31  2640.2596
 4202.521327  1.7060e-31  2778.5773
 5989.937381  1.5610e-31  1552.7667
 5996.104121  2.5160e-31  1449.4982
 6002.180144  3.9830e-31  1349.7569
 6008.165322  6.1890e-31  1253.5464
 6014.059531  9.4390e-31  1160.8700
 6019.862643  1.4130e-30  1071.7312
 6025.574534  2.0760e-30   986.1330
 6031.195076  2.9920e-30   904.0785
 6036.724144  4.2290e-30   825.5707
 6042.161610  5.8650e-30   750.6122
 6047.507348  7.9720e-30   679.2059
 6052.761232  1.0620e-29   611.3541
 6057.923135  1.3870e-29   547.0594
 6062.992929  1.7740e-29   486.3241
 6067.970488  2.2210e-29   429.1502
 6072.855685  2.7220e-29   375.5398
 6077.648394  3.2610e-29   325.4948
 6082.348485  3.8170e-29   279.0170
 6086.955834  4.3610e-29   236.1081
 6091.470312  4.8560e-29   196.7696
 6095.891792  5.2620e-29   161.0028
 6100.220147  5.5340e-29   128.8091
 6104.455250  5.6320e-29   100.1896
 6108.596973  5.5180e-29    75.1453
 6112.645190  5.1650e-29    53.6772
 6116.599773  4.5620e-29    35.7858
 6120.460594  3.7120e-29    21.4720
 6124.227527  2.6390e-29    10.7362
 6127.900444  1.3830e-29     3.5788
 6134.963722  1.4420e-29     0.0000
 6138.353828  2.8690e-29     3.5788
 6141.649410  4.2070e-29    10.7362
 6144.850340  5.3890e-29    21.4720
 6147.956491  6.3610e-29    35.7858
 6150.967736  7.0850e-29    53.6772
 6153.883947  7.5390e-29    75.1453
 6156.704999  7.7240e-29   100.1896
 6159.430764  7.6550e-29   128.8091
 6162.061114  7.3650e-29   161.0028
 6164.595924  6.8940e-29   196.7696
 6167.035066  6.2900e-29   236.1081
 6169.378413  5.6010e-29   279.0170
 6171.625839  4.8740e-29   325.4948
 6173.777216  4.1460e-29   375.5398
 6175.832419  3.4510e-29   429.1502
 6177.791320  2.8120e-29   486.3241
 6179.653793  2.2450e-29   547.0594
 6181.419712  1.7550e-29   611.3541
 6183.088949  1.3460e-29   679.2059
 6184.661378  1.0120e-29   750.6122
 6186.136873  7.4570e-30   825.5707
 6187.515307  5.3920e-30   904.0785
 6188.796555  3.8250e-30   986.1330
 6189.980488  2.6610e-30  1071.7312
 6191.066982  1.8180e-30  1160.8700
 6192.055910  1.2190e-30  1253.5464
 6192.947145  8.0220e-31  1349.7569
 6193.740562  5.1830e-31  1449.4982
 6194.436033  3.2880e-31  1552.7667
 6195.033433  2.0490e-31  1659.5587
 6195.532635  1.2530e-31  1769.8704
 8079.922414  1.0730e-31   236.1081
 8084.751077  1.2240e-31   196.7696
 8089.455324  1.3570e-31   161.0028
 8094.035027  1.4600e-31   128.8091
 8098.490059  1.5190e-31   100.1896
 8102.820294  1.5220e-31    75.1453
 8107.025603  1.4560e-31    53.6772
 8111.105859  1.3140e-31    35.7858
 8115.060936  1.0920e-31    21.4720
 8136.155496  1.3990e-31    10.7362
 8139.230752  1.8280e-31    21.4720
 8142.179811  2.1990e-31    35.7858
 8145.002545  2.4970e-31    53.6772
 8147.698827  2.7070e-31    75.1453
 8150.268531  2.8260e-31   100.1896
 8152.711529  2.8530e-31   128.8091
 8155.027694  2.7950e-31   161.0028
 8157.216900  2.6640e-31   196.7696
 8159.279018  2.4740e-31   236.1081
 8161.213923  2.2420e-31   279.0170
 8163.021488  1.9850e-31   325.4948
 8164.701585  1.7180e-31   375.5398
 8166.254088  1.4550e-31   429.1502
 8167.678869  1.2060e-31   486.3241
