 52 3919.035471 2.280E-31 3.235E-01.03660.039 4292.03300.67-.006087              2              0                    P 48      475623 5 8 5 5 1 8   190.0  194.0
 53 3925.396398 2.235E-31 3.258E-01.03740.040 3932.68460.70-.006041              2              0                    P 46      475623 5 8 5 5 3 8    91.0   93.0
 52 3925.635980 5.222E-31 3.261E-01.03700.039 4118.05440.67-.006064              2              0                    P 47      475623 5 8 5 5 1 8   186.0  190.0
 53 3931.848636 4.929E-31 3.284E-01.03780.040 3766.38940.70-.006018              2              0                    P 45      475623 5 8 5 5 3 8    89.0   91.0
 52 3932.177294 1.176E-30 3.287E-01.03740.040 3947.60100.67-.006041              2              0                    P 46      475623 5 8 5 5 1 8   182.0  186.0
 53 3938.241749 1.068E-30 3.310E-01.03820.040 3603.61900.70-.005995              2              0                    P 44      475623 5 8 5 5 3 8    87.0   89.0
 52 3938.659284 2.600E-30 3.313E-01.03780.040 3780.67920.67-.006018              2              0                    P 45      475623 5 8 5 5 1 8   178.0  182.0
 52 3939.008777 1.007E-31 1.051E+00.04130.044 4646.21300.70-.005831              3              1                    P 37      465623 5 8 5 5 2 8   146.0  150.0
 53 3944.575610 2.273E-30 3.337E-01.03860.041 3444.37910.70-.005972              2              0                    P 43      475623 5 8 5 5 3 8    85.0   87.0
 52 3944.918243 1.885E-31 1.059E+00.04170.044 4512.54480.70-.005807              3              1                    P 36      465623 5 8 5 5 2 8   142.0  146.0
 52 3945.081821 5.651E-30 3.340E-01.03820.040 3617.29500.67-.005995              2              0                    P 44      475623 5 8 5 5 1 8   174.0  178.0
 53 3949.624809 1.173E-31 1.067E+00.04270.045 4243.78180.70-.005760              3              1                    P 34      465623 5 8 5 5 2 8    67.0   69.0
 52 3950.767080 3.465E-31 1.068E+00.04220.045 4382.43060.70-.005784              3              1                    P 35      465623 5 8 5 5 2 8   138.0  142.0
 53 3950.850090 4.755E-30 3.364E-01.03900.041 3288.67570.70-.005949              2              0                    P 42      475623 5 8 5 5 3 8    83.0   85.0
 52 3951.444776 1.206E-29 3.367E-01.03860.041 3457.45440.67-.005972              2              0                    P 43      475623 5 8 5 5 1 8   170.0  174.0
 53 3955.326436 2.076E-31 1.076E+00.04320.046 4121.25240.70-.005736              3              1                    P 33      465623 5 8 5 5 2 8    65.0   67.0
 52 3956.555156 6.257E-31 1.076E+00.04270.045 4255.87530.70-.005760              3              1                    P 34      465623 5 8 5 5 2 8   134.0  138.0
 53 3957.065061 9.769E-30 3.391E-01.03950.042 3136.51440.70-.005925              2              0                    P 41      475623 5 8 5 5 3 8    81.0   83.0
 52 3957.748020 2.530E-29 3.394E-01.03900.041 3301.16330.67-.005949              2              0                    P 42      475623 5 8 5 5 1 8   166.0  170.0
 53 3960.967380 3.607E-31 1.084E+00.04380.046 4002.27780.70-.005712              3              1                    P 32      465663 5 8 5 5 2 8    63.0   65.0
 52 3962.282340 1.109E-30 1.085E+00.04320.046 4132.88350.70-.005736              3              1                    P 33      465623 5 8 5 5 2 8   130.0  134.0
 53 3963.220392 1.972E-29 3.418E-01.03990.042 2987.90090.70-.005902              2              0                    P 40      475623 5 8 5 5 3 8    79.0   81.0
 52 3963.991422 5.214E-29 3.421E-01.03950.042 3148.42730.67-.005925              2              0                    P 41      475623 5 8 5 5 1 8   162.0  166.0
 53 3966.547511 6.153E-31 1.093E+00.04430.047 3886.86250.70-.005688              3              1                    P 31      465663 5 8 5 5 2 8    61.0   63.0
 52 3967.948503 1.932E-30 1.094E+00.04380.046 4013.45980.70-.005712              3              1                    P 32      465663 5 8 5 5 2 8   126.0  130.0
 53 3969.315956 3.910E-29 3.446E-01.04030.043 2842.84040.70-.005878              2              0                    P 39      475623 5 8 5 5 3 8    77.0   79.0
 52 3970.174854 1.055E-28 3.449E-01.03990.042 2999.25210.67-.005902              2              0                    P 40      475623 5 8 5 5 1 8   158.0  162.0
 51 3970.718034 2.264E-31 3.476E-01.03520.037 5252.11620.74-.006176              2              0                    P 52      375623 5 8 5 5 2 8   103.0  105.0
 53 3972.066697 1.031E-30 1.102E+00.04480.047 3775.01070.70-.005663              3              1                    P 30      475663 5 8 5 5 2 8    59.0   61.0
 52 3973.553510 3.302E-30 1.103E+00.04430.047 3897.60860.70-.005688              3              1                    P 31      465663 5 8 5 5 2 8   122.0  126.0
 53 3975.351622 7.614E-29 3.474E-01.04080.043 2701.33820.70-.005855              2              0                    P 38      475623 5 8 5 5 3 8    75.0   77.0
 52 3976.298183 2.098E-28 3.477E-01.04030.043 2853.64320.67-.005878              2              0                    P 39      475623 5 8 5 5 1 8   154.0  158.0
 53 3977.524808 1.695E-30 1.111E+00.04540.048 3666.72650.70-.005639              3              1                    P 29      475663 5 8 5 5 2 8    57.0   59.0
 51 3977.940024 5.796E-31 3.504E-01.03550.038 5055.60290.74-.006154              2              0                    P 51      375623 5 8 5 5 2 8   101.0  103.0
 52 3979.097230 5.543E-30 1.112E+00.04480.047 3785.33420.70-.005663              3              1                    P 30      475663 5 8 5 5 2 8   118.0  122.0
 53 3981.327260 1.456E-28 3.502E-01.04130.044 2563.39970.70-.005831              2              0                    P 37      475623 5 8 5 5 3 8    73.0   75.0
 52 3982.361281 4.096E-28 3.505E-01.04080.043 2711.60590.67-.005855              2              0                    P 38      475623 5 8 5 5 1 8   150.0  154.0
 53 3982.921713 2.735E-30 1.121E+00.04600.049 3562.01380.70-.005614              3              1                    P 28      475663 5 8 5 5 2 8    55.0   57.0
 52 3984.579532 9.132E-30 1.122E+00.04540.048 3676.64070.70-.005639              3              1                    P 29      475663 5 8 5 5 2 8   114.0  118.0
 51 3985.099380 1.457E-30 3.532E-01.03590.038 4862.74110.74-.006132              2              0                    P 50      475623 5 8 5 5 2 8    99.0  101.0
 53 3987.242741 2.736E-28 3.531E-01.04170.044 2429.02970.70-.005807              2              0                    P 36      475623 5 8 5 5 3 8    71.0   73.0
 53 3988.257281 4.334E-30 1.130E+00.04650.049 3460.87660.70-.005589              3              1                    P 27      475663 5 8 5 5 2 8    53.0   55.0
 52 3988.364016 7.854E-28 3.534E-01.04130.044 2573.14530.67-.005831              2              0                    P 37      475623 5 8 5 5 1 8   146.0  150.0
 51 3988.681183 1.282E-31 1.121E+00.03900.041 5563.81840.70-.005949              3              1                    P 42      465623 5 8 5 5 2 8    83.0   85.0
 52 3990.000284 1.477E-29 1.131E+00.04600.049 3571.53210.70-.005614              3              1                    P 28      475663 5 8 5 5 2 8   110.0  114.0
 51 3992.195964 3.598E-30 3.561E-01.03620.038 4673.53810.74-.006109              2              0                    P 49      475623 5 8 5 5 2 8    97.0   99.0
 53 3993.097934 5.047E-28 3.559E-01.04220.045 2298.23320.70-.005784              2              0                    P 35      475623 5 8 5 5 3 8    69.0   71.0
 53 3993.531379 6.740E-30 1.140E+00.04710.050 3363.31850.71-.005563              3              1                    P 26      475663 5 8 5 5 2 8    51.0   53.0
 52 3994.306258 1.479E-27 3.563E-01.04170.044 2438.26660.67-.005807              2              0                    P 36      475623 5 8 5 5 1 8   142.0  146.0
 51 3995.235519 2.712E-31 1.130E+00.03950.042 5405.60560.70-.005925              3              1                    P 41      465623 5 8 5 5 2 8    81.0   83.0
 52 3995.359353 2.345E-29 1.140E+00.04650.049 3470.01230.70-.005589              3              1                    P 27      475663 5 8 5 5 2 8   106.0  110.0
 53 3998.743877 1.028E-29 1.149E+00.04770.051 3269.34320.71-.005537              3              1                    P 25      475663 5 8 5 5 2 8    49.0   51.0
 53 3998.892710 9.144E-28 3.589E-01.04270.045 2171.01490.70-.005760              2              0                    P 34      475623 5 8 5 5 3 8    67.0   69.0
 51 3999.229636 8.723E-30 3.590E-01.03660.039 4488.00120.74-.006087              2              0                    P 48      475623 5 8 5 5 2 8    95.0   97.0
 52 4000.187874 2.735E-27 3.592E-01.04220.045 2306.97460.67-.005784              2              0                    P 35      475623 5 8 5 5 1 8   138.0  142.0
 52 4000.656606 3.653E-29 1.150E+00.04710.050 3372.08510.71-.005563              3              1                    P 26      475663 5 8 5 5 2 8   102.0  106.0
 51 4001.725809 5.633E-31 1.139E+00.03990.042 5251.07690.70-.005902              3              1                    P 40      465623 5 8 5 5 2 8    79.0   81.0
 53 4003.894642 1.540E-29 1.159E+00.04830.051 3178.95400.72-.005510              3              1                    P 24      475663 5 8 5 5 2 8    47.0   49.0
 53 4004.626936 1.627E-27 3.618E-01.04320.046 2047.37960.70-.005736              2              0                    P 33      475623 5 8 5 5 3 8    65.0   67.0
 52 4004.856439 1.159E-31 2.510E+00.05450.059 4599.75860.76-.005194              4              2                    P 15      465683 5 8 5 5 2 8    58.0   62.0
 52 4005.891912 5.583E-29 1.160E+00.04770.051 3277.75410.71-.005537              3              1                    P 25      475663 5 8 5 5 2 8    98.0  102.0
 52 4006.008733 4.967E-27 3.621E-01.04270.045 2179.27430.67-.005760              2              0                    P 34      475623 5 8 5 5 1 8   134.0  138.0
 51 4006.200258 2.076E-29 3.619E-01.03700.039 4306.13750.74-.006064              2              0                    P 47      475623 5 8 5 5 2 8    93.0   95.0
 51 4008.151913 1.149E-30 1.149E+00.04030.043 5100.23820.70-.005878              3              1                    P 39      465623 5 8 5 5 2 8    77.0   79.0
 53 4008.983543 2.262E-29 1.169E+00.04900.052 3092.15430.72-.005483              3              1                    P 23      475683 5 8 5 5 2 8    45.0   47.0
 52 4009.368744 1.414E-31 2.536E+00.05530.059 4545.67630.77-.005142              4              2                    P 14      465683 5 8 5 5 2 8    54.0   58.0
 53 4010.300483 2.841E-27 3.648E-01.04380.046 1927.33160.70-.005712              2              0                    P 32      475623 5 8 5 5 3 8    63.0   65.0
 52 4011.065137 8.374E-29 1.170E+00.04830.051 3187.02260.72-.005510              3              1                    P 24      475663 5 8 5 5 2 8    94.0   98.0
 52 4011.768705 8.856E-27 3.651E-01.04320.046 2055.17020.67-.005736              2              0                    P 33      475623 5 8 5 5 1 8   130.0  134.0
 51 4013.107689 4.854E-29 3.649E-01.03740.040 4127.95390.74-.006041              2              0                    P 46      475623 5 8 5 5 2 8    91.0   93.0
 52 4013.817505 1.687E-31 2.562E+00.05610.060 4495.19050.78-.005083              4              2                    P 13      465683 5 8 5 5 2 8    50.0   54.0
 53 4014.010448 3.259E-29 1.179E+00.04960.053 3008.94730.73-.005454              3              1                    P 22      475683 5 8 5 5 2 8    43.0   45.0
 51 4014.513688 2.299E-30 1.158E+00.04080.043 4953.09540.70-.005855              3              1                    P 38      465623 5 8 5 5 2 8    75.0   77.0
 53 4015.913218 4.871E-27 3.678E-01.04430.047 1810.87540.70-.005688              2              0                    P 31      475623 5 8 5 5 3 8    61.0   63.0
 52 4016.176148 1.232E-28 1.180E+00.04900.052 3099.89420.72-.005483              3              1                    P 23      475683 5 8 5 5 2 8    90.0   94.0
 52 4017.467657 1.550E-26 3.681E-01.04380.046 1934.66690.67-.005712              2              0                    P 32      475623 5 8 5 5 1 8   126.0  130.0
 52 4018.202587 1.966E-31 2.590E+00.05690.062 4448.30300.78-.005016              4              2                    P 12      465683 5 8 5 5 2 8    46.0   50.0
 53 4018.975224 4.604E-29 1.190E+00.05030.053 2929.33600.73-.005424              3              1                    P 21      475683 5 8 5 5 2 8    41.0   43.0
 51 4019.951789 1.114E-28 3.679E-01.03780.040 3953.45740.74-.006018              2              0                    P 45      475623 5 8 5 5 2 8    89.0   91.0
 51 4020.810991 4.517E-30 1.168E+00.04130.044 4809.65410.70-.005831              3              1                    P 37      465623 5 8 5 5 2 8    73.0   75.0
 52 4021.224812 1.778E-28 1.190E+00.04960.053 3016.37200.73-.005454              3              1                    P 22      475683 5 8 5 5 2 8    86.0   90.0
 53 4021.465011 8.200E-27 3.709E-01.04480.047 1698.01520.70-.005663              2              0                    P 30      475623 5 8 5 5 3 8    59.0   61.0
 52 4022.523857 2.237E-31 2.620E+00.05770.063 4405.01550.79-.004939              4              2                    P 11      465683 5 8 5 5 2 8    42.0   46.0
 52 4023.105456 2.664E-26 3.712E-01.04430.047 1817.76880.67-.005688              2              0                    P 31      475623 5 8 5 5 1 8   122.0  126.0
 53 4023.877739 6.378E-29 1.200E+00.05100.054 2853.32350.74-.005392              3              1                    P 20      475683 5 8 5 5 2 8    39.0   41.0
 52 4026.210996 2.515E-28 1.201E+00.05030.053 2936.45910.73-.005424              3              1                    P 21      475683 5 8 5 5 2 8    82.0   86.0
 51 4026.732418 2.510E-28 3.709E-01.03820.040 3782.65460.74-.005995              2              0                    P 44      475623 5 8 5 5 2 8    87.0   89.0
 52 4026.781180 2.479E-31 2.653E+00.05860.064 4365.32960.79-.004850              4              2                    P 10      465683 5 8 5 5 2 8    38.0   42.0
 53 4026.955731 1.355E-26 3.740E-01.04540.048 1588.75510.70-.005639              2              0                    P 29      475623 5 8 5 5 3 8    57.0   59.0
 51 4027.043680 8.710E-30 1.177E+00.04170.044 4669.92000.70-.005807              3              1                    P 36      465623 5 8 5 5 2 8    71.0   73.0
 51 4028.392595 1.005E-31 2.512E+00.04650.049 5683.53510.70-.005589              4              2                    P 27      465663 5 8 5 5 2 8    53.0   55.0
 52 4028.681971 4.494E-26 3.743E-01.04480.047 1704.48020.67-.005663              2              0                    P 30      475623 5 8 5 5 1 8   118.0  122.0
 53 4028.717861 8.660E-29 1.211E+00.05170.055 2780.91240.74-.005359              3              1                    P 19      475683 5 8 5 5 2 8    37.0   39.0
 52 4030.974424 2.674E-31 2.688E+00.05950.065 4329.24690.79-.004746              4              2                    P  9      465683 5 8 5 5 2 8    34.0   38.0
 52 4031.134567 3.489E-28 1.211E+00.05100.054 2860.15840.74-.005392              3              1                    P 20      475683 5 8 5 5 2 8    78.0   82.0
 53 4032.385246 2.197E-26 3.771E-01.04600.049 1483.09910.70-.005614              2              0                    P 28      475623 5 8 5 5 3 8    55.0   57.0
 51 4033.211613 1.648E-29 1.187E+00.04220.045 4533.89830.70-.005784              3              1                    P 35      465623 5 8 5 5 2 8    69.0   71.0
 51 4033.449435 5.551E-28 3.739E-01.03860.041 3615.55210.74-.005972              2              0                    P 43      475623 5 8 5 5 2 8    85.0   87.0
 53 4033.495457 1.152E-28 1.222E+00.05240.056 2712.10540.75-.005323              3              1                    P 18      475683 5 8 5 5 2 8    35.0   37.0
 51 4033.936141 1.592E-31 2.534E+00.04710.050 5582.09010.71-.005563              4              2                    P 26      465663 5 8 5 5 2 8    51.0   53.0
 52 4034.197069 7.440E-26 3.774E-01.04540.048 1594.80530.67-.005639              2              0                    P 29      475623 5 8 5 5 1 8   114.0  118.0
 52 4035.103454 2.798E-31 2.729E+00.06060.066 4296.76860.79-.004623              4              2                    P  8      465683 5 8 5 5 2 8    30.0   34.0
 52 4035.995392 4.744E-28 1.222E+00.05170.055 2787.47270.74-.005359              3              1                    P 19      475683 5 8 5 5 2 8    74.0   78.0
 53 4037.753423 3.497E-26 3.803E-01.04650.049 1381.05110.70-.005589              2              0                    P 27      475623 5 8 5 5 3 8    53.0   55.0
 53 4038.210395 1.502E-28 1.234E+00.05310.057 2646.90500.75-.005284              3              1                    P 17      475683 5 8 5 5 2 8    33.0   35.0
 52 4039.168135 2.833E-31 2.776E+00.06180.068 4267.89590.78-.004478              4              2                    P  7      465683 5 8 5 5 2 8    26.0   30.0
 51 4039.314646 3.061E-29 1.197E+00.04270.045 4401.59430.70-.005760              3              1                    P 34      465623 5 8 5 5 2 8    67.0   69.0
 51 4039.413489 2.475E-31 2.556E+00.04770.051 5484.36870.71-.005537              4              2                    P 25      465663 5 8 5 5 2 8    49.0   51.0
 52 4039.650617 1.209E-25 3.806E-01.04600.049 1488.74790.67-.005614              2              0                    P 28      475623 5 8 5 5 1 8   110.0  114.0
 51 4040.102697 1.205E-27 3.770E-01.03900.041 3452.15630.74-.005949              2              0                    P 42      475623 5 8 5 5 2 8    83.0   85.0
 52 4040.793336 6.321E-28 1.234E+00.05240.056 2718.40470.75-.005323              3              1                    P 18      475683 5 8 5 5 2 8    70.0   74.0
 53 4042.862542 1.917E-28 1.245E+00.05380.058 2585.31370.76-.005241              3              1                    P 16      475683 5 8 5 5 2 8    31.0   33.0
 53 4043.060132 5.462E-26 3.836E-01.04710.050 1282.61470.70-.005563              2              0                    P 26      475623 5 8 5 5 3 8    51.0   53.0
 52 4043.168335 2.761E-31 2.833E+00.06320.069 4242.63000.77-.004303              4              2                    P  6      465683 5 8 5 5 2 8    22.0   26.0
 51 4044.824495 3.771E-31 2.578E+00.04830.051 5390.37470.72-.005510              4              2                    P 24      465663 5 8 5 5 2 8    47.0   49.0
 52 4045.042484 1.928E-25 3.838E-01.04650.049 1386.31210.67-.005589              2              0                    P 27      475623 5 8 5 5 1 8   106.0  110.0
 51 4045.352635 5.577E-29 1.207E+00.04320.046 4273.01330.70-.005736              3              1                    P 33      465623 5 8 5 5 2 8    65.0   67.0
 52 4045.528267 8.250E-28 1.245E+00.05310.057 2652.95710.75-.005284              3              1                    P 17      475683 5 8 5 5 2 8    66.0   70.0
 51 4046.692065 2.569E-27 3.801E-01.03950.042 3292.47340.74-.005925              2              0                    P 41      475623 5 8 5 5 2 8    81.0   83.0
 52 4047.103918 2.570E-31 2.907E+00.06510.071 4220.97180.76-.004091              4              2                    P  5      465683 5 8 5 5 2 8    18.0   22.0
 53 4047.451765 2.396E-28 1.258E+00.05450.059 2527.33370.76-.005194              3              1                    P 15      475683 5 8 5 5 2 8    29.0   31.0
 53 4048.305241 8.370E-26 3.868E-01.04770.051 1187.79360.70-.005537              2              0                    P 25      475623 5 8 5 5 3 8    49.0   51.0
 51 4050.169014 5.633E-31 2.600E+00.04900.052 5300.11170.72-.005483              4              2                    P 23      465683 5 8 5 5 2 8    45.0   47.0
 52 4050.200051 1.054E-27 1.257E+00.05380.058 2591.13210.76-.005241              3              1                    P 16      475683 5 8 5 5 2 8    62.0   66.0
 52 4050.372535 3.017E-25 3.871E-01.04710.050 1287.50160.67-.005563              2              0                    P 26      475623 5 8 5 5 1 8   102.0  106.0
 52 4050.974751 2.258E-31 3.013E+00.06770.074 4202.92200.76-.003831              4              2                    P  4      465683 5 8 5 5 2 8    14.0   18.0
 51 4051.325438 9.970E-29 1.217E+00.04380.046 4148.16010.70-.005712              3              1                    P 32      465663 5 8 5 5 2 8    63.0   65.0
 53 4051.977932 2.928E-28 1.270E+00.05530.059 2472.96720.77-.005142              3              1                    P 14      475683 5 8 5 5 2 8    27.0   29.0
 51 4053.217395 5.374E-27 3.832E-01.03990.042 3136.50950.74-.005902              2              0                    P 40      475623 5 8 5 5 2 8    79.0   81.0
 53 4053.488616 1.258E-25 3.902E-01.04830.051 1096.59120.70-.005510              2              0                    P 24      475623 5 8 5 5 3 8    47.0   49.0
 52 4054.780700 1.826E-31 3.187E+00.07120.077 4188.48140.77-.003510              4              2                    P  3      465683 5 8 5 5 2 8    10.0   14.0
 52 4054.808553 1.319E-27 1.269E+00.05450.059 2532.93210.76-.005194              3              1                    P 15      475683 5 8 5 5 2 8    58.0   62.0
 51 4055.446900 8.247E-31 2.623E+00.04960.053 5213.58320.73-.005454              4              2                    P 22      465683 5 8 5 5 2 8    43.0   45.0
 52 4055.640638 4.631E-25 3.904E-01.04770.051 1192.31990.67-.005537              2              0                    P 25      475623 5 8 5 5 1 8    98.0  102.0
 53 4056.440910 3.498E-28 1.284E+00.05610.060 2422.21600.78-.005083              3              1                    P 13      475683 5 8 5 5 2 8    25.0   27.0
 51 4057.232911 1.749E-28 1.227E+00.04430.047 4027.03950.70-.005688              3              1                    P 31      465663 5 8 5 5 2 8    61.0   63.0
 52 4058.521629 1.291E-31 3.568E+00.07570.081 4177.65050.77-.003108              4              2                    P  2      465683 5 8 5 5 2 8     6.0   10.0
 53 4058.610127 1.855E-25 3.936E-01.04900.052 1009.01080.70-.005483              2              0                    P 23      475623 5 8 5 5 3 8    45.0   47.0
 52 4059.353641 1.613E-27 1.282E+00.05530.059 2478.35910.77-.005142              3              1                    P 14      475683 5 8 5 5 2 8    54.0   58.0
 51 4059.678545 1.103E-26 3.864E-01.04030.043 2984.27070.74-.005878              2              0                    P 39      475623 5 8 5 5 2 8    77.0   79.0
 51 4060.658009 1.183E-30 2.647E+00.05030.053 5130.79260.73-.005424              4              2                    P 21      465683 5 8 5 5 2 8    41.0   43.0
 53 4060.840566 4.083E-28 1.298E+00.05690.062 2375.08220.78-.005016              3              1                    P 12      475683 5 8 5 5 2 8    23.0   25.0
 52 4060.846661 6.973E-25 3.938E-01.04830.051 1100.77060.67-.005510              2              0                    P 24      475623 5 8 5 5 1 8    94.0   98.0
 51 4063.074909 3.009E-28 1.238E+00.04480.047 3909.65620.70-.005663              3              1                    P 30      475663 5 8 5 5 2 8    59.0   61.0
 53 4063.669640 2.683E-25 3.970E-01.04960.053  925.05570.70-.005454              2              0                    P 22      475623 5 8 5 5 3 8    43.0   45.0
 52 4063.835180 1.929E-27 1.296E+00.05610.060 2427.41530.78-.005083              3              1                    P 13      475683 5 8 5 5 2 8    50.0   54.0
 53 4065.176766 4.650E-28 1.313E+00.05770.063 2331.56740.79-.004939              3              1                    P 11      475683 5 8 5 5 2 8    21.0   23.0
 51 4065.802194 1.664E-30 2.670E+00.05100.054 5051.74320.74-.005392              4              2                    P 20      465683 5 8 5 5 2 8    39.0   41.0
 52 4065.990469 1.030E-24 3.972E-01.04900.052 1012.85700.72-.005483              2              0                    P 23      475663 5 8 5 5 3 8    90.0   94.0
 51 4066.075373 2.223E-26 3.896E-01.04080.043 2835.76270.74-.005855              2              0                    P 38      475623 5 8 5 5 2 8    75.0   77.0
 52 4068.253036 2.254E-27 1.310E+00.05690.062 2380.10250.78-.005016              3              1                    P 12      475683 5 8 5 5 2 8    46.0   50.0
 53 4068.667023 3.805E-25 4.005E-01.05030.053  844.72880.70-.005424              2              0                    P 21      475623 5 8 5 5 3 8    41.0   43.0
 51 4068.851287 5.080E-28 1.248E+00.04540.048 3796.01490.70-.005639              3              1                    P 29      475663 5 8 5 5 2 8    57.0   59.0
 53 4069.449379 5.160E-28 1.329E+00.05860.064 2291.67320.79-.004850              3              1                    P 10      475683 5 8 5 5 2 8    19.0   21.0
 51 4070.879311 2.291E-30 2.695E+00.05170.055 4976.43800.74-.005359              4              2                    P 19      465683 5 8 5 5 2 8    37.0   39.0
 52 4071.071929 1.492E-24 4.007E-01.04960.053  928.58230.61-.005454              2              0                    P 22      475663 5 8 5 5 3 8    86.0   90.0
 51 4072.407736 4.397E-26 3.928E-01.04130.044 2690.99130.74-.005831              2              0                    P 37      475623 5 8 5 5 2 8    73.0   75.0
 52 4072.607076 2.569E-27 1.325E+00.05770.063 2336.42240.79-.004939              3              1                    P 11      475683 5 8 5 5 2 8    42.0   46.0
 52 4072.832478 1.368E-31 2.206E+00.07570.081 4170.42960.78-.003598              4              2                    R  1      465683 5 8 5 5 2 8    10.0    6.0
 53 4073.602143 5.288E-25 4.041E-01.05100.054  768.03310.71-.005392              2              0                    P 20      475673 5 8 5 5 3 8    39.0   41.0
 53 4073.658270 5.570E-28 1.348E+00.05950.065 2255.40100.79-.004746              3              1                    P  9      475683 5 8 5 5 2 8    17.0   19.0
 51 4074.561902 8.410E-28 1.259E+00.04600.049 3686.11980.70-.005614              3              1                    P 28      475663 5 8 5 5 2 8    55.0   57.0
 51 4075.889213 3.090E-30 2.720E+00.05240.056 4904.87990.75-.005323              4              2                    P 18      465683 5 8 5 5 2 8    35.0   37.0
 52 4076.090908 2.118E-24 4.042E-01.05030.053  847.94970.71-.005424              2              0                    P 21      475663 5 8 5 5 3 8    82.0   86.0
 52 4076.246302 1.992E-31 2.381E+00.07120.077 4177.65050.77-.003625              4              2                    R  2      465683 5 8 5 5 2 8    14.0   10.0
 52 4076.897165 2.853E-27 1.342E+00.05860.064 2296.37670.79-.004850              3              1                    P 10      475683 5 8 5 5 2 8    38.0   42.0
 53 4077.803307 5.835E-28 1.368E+00.06060.066 2222.75230.79-.004623              3              1                    P  8      475683 5 8 5 5 2 8    15.0   17.0
 53 4078.474869 7.204E-25 4.078E-01.05170.055  694.97140.70-.005359              2              0                    P 19      475683 5 8 5 5 3 8    37.0   39.0
 51 4078.675491 8.532E-26 3.961E-01.04170.044 2549.96200.74-.005807              2              0                    P 36      475623 5 8 5 5 2 8    71.0   73.0
 52 4079.594301 2.535E-31 2.487E+00.06770.074 4188.48140.76-.003650              4              2                    R  3      465683 5 8 5 5 2 8    18.0   14.0
 51 4080.206608 1.365E-27 1.270E+00.04650.049 3579.97510.70-.005589              3              1                    P 27      475663 5 8 5 5 2 8    53.0   55.0
 51 4080.831756 4.079E-30 2.746E+00.05310.057 4837.07170.75-.005284              4              2                    P 17      465683 5 8 5 5 2 8    33.0   35.0
 52 4081.047272 2.949E-24 4.079E-01.05100.054  770.96190.71-.005392              2              0                    P 20      475673 5 8 5 5 3 8    78.0   82.0
 52 4081.123170 3.081E-27 1.360E+00.05950.065 2259.96680.79-.004746              3              1                    P  9      475683 5 8 5 5 2 8    34.0   38.0
 53 4081.884357 5.912E-28 1.392E+00.06180.068 2193.72830.78-.004478              3              1                    P  7      475683 5 8 5 5 2 8    13.0   15.0
 52 4082.876343 2.971E-31 2.563E+00.06510.071 4202.92200.76-.003678              4              2                    R  4      465683 5 8 5 5 2 8    22.0   18.0
 53 4083.285066 9.616E-25 4.116E-01.05240.056  625.54630.73-.005323              2              0                    P 18      475683 5 8 5 5 3 8    35.0   37.0
 51 4084.878494 1.625E-25 3.994E-01.04220.045 2412.68010.74-.005784              2              0                    P 35      475623 5 8 5 5 2 8    69.0   71.0
 52 4085.284955 3.230E-27 1.381E+00.06060.066 2227.19410.79-.004623              3              1                    P  8      475683 5 8 5 5 2 8    30.0   34.0
 51 4085.706792 5.270E-30 2.772E+00.05380.058 4773.01610.76-.005241              4              2                    P 16      465683 5 8 5 5 2 8    31.0   33.0
 51 4085.785262 2.174E-27 1.281E+00.04710.050 3477.58510.71-.005563              3              1                    P 26      475663 5 8 5 5 2 8    51.0   53.0
 53 4085.901286 5.766E-28 1.420E+00.06320.069 2168.32990.77-.004303              3              1                    P  6      475683 5 8 5 5 2 8    11.0   13.0
 52 4085.940887 4.022E-24 4.116E-01.05170.055  697.62190.68-.005359              2              0                    P 19      475683 5 8 5 5 3 8    74.0   78.0
 52 4086.092292 3.284E-31 2.622E+00.06320.069 4220.97180.77-.003714              4              2                    R  5      465683 5 8 5 5 2 8    26.0   22.0
 53 4088.032603 1.257E-24 4.155E-01.05310.057  559.76050.73-.005284              2              0                    P 17      475683 5 8 5 5 3 8    33.0   35.0
 52 4089.242014 3.469E-31 2.670E+00.06180.068 4242.63000.78-.003759              4              2                    R  6      465683 5 8 5 5 2 8    30.0   26.0
 52 4089.382388 3.275E-27 1.405E+00.06180.068 2198.05970.78-.004478              3              1                    P  7      475683 5 8 5 5 2 8    26.0   30.0
 53 4089.853961 5.371E-28 1.458E+00.06510.071 2146.55810.76-.004091              3              1                    P  5      475683 5 8 5 5 2 8     9.0   11.0
 51 4090.514176 6.659E-30 2.800E+00.05450.059 4712.71560.76-.005194              4              2                    P 15      465683 5 8 5 5 2 8    29.0   31.0
 52 4090.771620 5.376E-24 4.154E-01.05240.056  627.93240.71-.005323              2              0                    P 18      475683 5 8 5 5 3 8    70.0   74.0
 51 4091.016602 3.035E-25 4.028E-01.04270.045 2279.15110.74-.005760              2              0                    P 34      475623 5 8 5 5 2 8    67.0   69.0
 51 4091.297718 3.394E-27 1.292E+00.04770.051 3378.95370.71-.005537              3              1                    P 25      475663 5 8 5 5 2 8    49.0   51.0
 52 4092.325375 3.527E-31 2.713E+00.06060.066 4267.89590.79-.003813              4              2                    R  7      465683 5 8 5 5 2 8    34.0   30.0
 53 4092.717346 1.609E-24 4.195E-01.05380.058  497.61620.75-.005241              2              0                    P 16      475683 5 8 5 5 3 8    31.0   33.0
 52 4093.415334 3.195E-27 1.434E+00.06320.069 2172.56480.77-.004303              3              1                    P  6      475683 5 8 5 5 2 8    22.0   26.0
 53 4093.742250 4.720E-28 1.511E+00.06770.074 2128.41370.76-.003831              3              1                    P  4      475683 5 8 5 5 2 8     7.0    9.0
 51 4095.253762 8.225E-30 2.829E+00.05530.059 4656.17240.77-.005142              4              2                    P 14      465683 5 8 5 5 2 8    27.0   29.0
 52 4095.342242 3.469E-31 2.751E+00.05950.065 4296.76860.79-.003875              4              2                    R  8      465683 5 8 5 5 2 8    38.0   34.0
 52 4095.539337 7.037E-24 4.194E-01.05310.057  561.89580.72-.005284              2              0                    P 17      475683 5 8 5 5 3 8    66.0   70.0
 51 4096.743830 5.193E-27 1.303E+00.04830.051 3284.08460.72-.005510              3              1                    P 24      475663 5 8 5 5 2 8    47.0   49.0
 51 4097.089671 5.563E-25 4.062E-01.04320.046 2149.37990.74-.005736              2              0                    P 33      475623 5 8 5 5 2 8    65.0   67.0
 53 4097.339163 2.016E-24 4.237E-01.05450.059  439.11570.75-.005194              2              0                    P 15      475683 5 8 5 5 3 8    29.0   31.0
 52 4097.383658 2.978E-27 1.471E+00.06510.071 2150.71030.76-.004091              3              1                    P  5      475683 5 8 5 5 2 8    18.0   22.0
 53 4097.566018 3.820E-28 1.598E+00.07120.077 2113.89740.77-.003510              3              1                    P  3      475683 5 8 5 5 2 8     5.0    7.0
 52 4098.292479 3.311E-31 2.786E+00.05860.064 4329.24690.78-.003945              4              2                    R  9      465683 5 8 5 5 2 8    42.0   38.0
 51 4099.925403 9.926E-30 2.859E+00.05610.060 4603.38890.78-.005083              4              2                    P 13      465683 5 8 5 5 2 8    25.0   27.0
 52 4100.243905 9.018E-24 4.234E-01.05380.058  499.51460.73-.005241              2              0                    P 16      475683 5 8 5 5 3 8    62.0   66.0
 52 4101.175953 3.074E-31 2.819E+00.05770.063 4365.32960.78-.004022              4              2                    R 10      465683 5 8 5 5 2 8    46.0   42.0
 52 4101.287227 2.617E-27 1.525E+00.06770.074 2132.49690.76-.003831              3              1                    P  4      475683 5 8 5 5 2 8    14.0   18.0
 53 4101.325133 2.701E-28 1.789E+00.07570.081 2103.00970.77-.003108              3              1                    P  2      475683 5 8 5 5 2 8     3.0    5.0
 53 4101.897920 2.470E-24 4.280E-01.05530.059  384.26120.76-.005142              2              0                    P 14      475683 5 8 5 5 3 8    27.0   29.0
 51 4102.123454 7.790E-27 1.315E+00.04900.052 3192.98150.72-.005483              3              1                    P 23      475683 5 8 5 5 2 8    45.0   47.0
 51 4103.097556 1.000E-24 4.096E-01.04380.046 2023.37150.74-.005712              2              0                    P 32      475623 5 8 5 5 2 8    63.0   65.0
 52 4103.992529 2.782E-31 2.850E+00.05690.062 4405.01550.77-.004104              4              2                    R 11      465683 5 8 5 5 2 8    50.0   46.0
 51 4104.528953 1.169E-29 2.890E+00.05690.062 4554.36700.78-.005016              4              2                    P 12      465683 5 8 5 5 2 8    23.0   25.0
 52 4104.885188 1.131E-23 4.276E-01.05450.059  440.79120.74-.005194              2              0                    P 15      475683 5 8 5 5 3 8    58.0   62.0
 53 4105.019462 1.407E-28 2.704E+00.08030.087 2095.75100.78-.002599              3              1                    P  1      475683 5 8 5 5 2 8     1.0    3.0
 52 4105.125906 2.119E-27 1.613E+00.07120.077 2117.92550.77-.003510              3              1                    P  3      475683 5 8 5 5 2 8    10.0   14.0
 53 4106.393484 2.958E-24 4.325E-01.05610.060  333.05460.76-.005083              2              0                    P 13      475683 5 8 5 5 3 8    25.0   27.0
 52 4106.742074 2.457E-31 2.879E+00.05610.060 4448.30300.77-.004190              4              2                    R 12      465683 5 8 5 5 2 8    54.0   50.0
 51 4107.436444 1.145E-26 1.326E+00.04960.053 3105.64790.73-.005454              3              1                    P 22      475683 5 8 5 5 2 8    43.0   45.0
 52 4108.899561 1.498E-27 1.806E+00.07570.081 2106.99640.77-.003108              3              1                    P  2      475683 5 8 5 5 2 8     6.0   10.0
 51 4109.040115 1.764E-24 4.131E-01.04430.047 1901.13080.74-.005688              2              0                    P 31      475623 5 8 5 5 2 8    61.0   63.0
 51 4109.064265 1.343E-29 2.924E+00.05770.063 4509.10880.79-.004939              4              2                    P 11      465683 5 8 5 5 2 8    21.0   23.0
 52 4109.424453 2.119E-31 2.908E+00.05530.059 4495.19050.76-.004280              4              2                    R 13      465683 5 8 5 5 2 8    58.0   54.0
 52 4109.463053 1.387E-23 4.320E-01.05530.059  385.72750.75-.005142              2              0                    P 14      475683 5 8 5 5 3 8    54.0   58.0
 53 4110.825723 3.459E-24 4.373E-01.05690.062  285.49790.77-.005016              2              0                    P 12      475683 5 8 5 5 3 8    23.0   25.0
 52 4112.039532 1.787E-31 2.936E+00.05450.059 4545.67630.76-.004372              4              2                    R 14      465683 5 8 5 5 2 8    62.0   58.0
 53 4112.213228 1.449E-28 9.151E-01.08030.087 2092.12160.78-.003557              3              1                    R  0      475683 5 8 5 5 2 8     3.0    1.0
 52 4112.608058 7.807E-28 2.730E+00.08030.087 2099.71010.78-.002599              3              1                    P  1      475683 5 8 5 5 2 8     2.0    6.0
 51 4112.682654 1.650E-26 1.338E+00.05030.053 3022.08730.73-.005424              3              1                    P 21      475683 5 8 5 5 2 8    41.0   43.0
 51 4113.531195 1.502E-29 2.961E+00.05860.064 4467.61580.79-.004850              4              2                    P 10      465683 5 8 5 5 2 8    19.0   21.0
 52 4113.977366 1.663E-23 4.366E-01.05610.060  334.32560.76-.005083              2              0                    P 13      475683 5 8 5 5 3 8    50.0   54.0
 52 4114.587177 1.475E-31 2.964E+00.05380.058 4599.75860.75-.004467              4              2                    R 15      465683 5 8 5 5 2 8    66.0   62.0
 51 4114.917200 3.052E-24 4.166E-01.04480.047 1782.66240.74-.005663              2              0                    P 30      485623 5 8 5 5 2 8    59.0   61.0
 53 4115.194503 3.947E-24 4.425E-01.05770.063  241.59270.78-.004939              2              0                    P 11      475683 5 8 5 5 3 8    21.0   23.0
 53 4115.712398 2.863E-28 1.106E+00.07570.081 2095.75100.78-.003598              3              1                    R  1      475683 5 8 5 5 2 8     5.0    3.0
 52 4117.067254 1.191E-31 2.991E+00.05310.057 4657.43520.75-.004562              4              2                    R 16      465683 5 8 5 5 2 8    70.0   66.0
 51 4117.861938 2.328E-26 1.350E+00.05100.054 2942.30280.74-.005392              3              1                    P 20      475683 5 8 5 5 2 8    39.0   41.0
 51 4117.929593 1.633E-29 3.002E+00.05950.065 4429.88980.79-.004746              4              2                    P  9      465683 5 8 5 5 2 8    17.0   19.0
 52 4118.427993 1.946E-23 4.414E-01.05690.062  286.58750.77-.005016              2              0                    P 12      475683 5 8 5 5 3 8    46.0   50.0
 53 4119.146249 4.170E-28 1.194E+00.07120.077 2103.00970.77-.003625              3              1                    R  2      475683 5 8 5 5 2 8     7.0    5.0
 53 4119.499691 4.389E-24 4.480E-01.05860.064  201.34070.78-.004850              2              0                    P 10      475683 5 8 5 5 3 8    19.0   21.0
 52 4119.829041 8.039E-28 9.238E-01.08030.087 2096.06690.78-.003557              3              1                    R  0      475683 5 8 5 5 2 8     6.0    2.0
 51 4120.728658 5.179E-24 4.202E-01.04540.048 1667.97090.74-.005639              2              0                    P 29      485623 6 8 5 5 2 8    57.0   59.0
 51 4122.259315 1.721E-29 3.047E+00.06060.066 4395.93220.79-.004623              4              2                    P  8      465683 5 8 5 5 2 8    15.0   17.0
 53 4122.514647 5.305E-28 1.248E+00.06770.074 2113.89740.76-.003650              3              1                    R  3      475683 5 8 5 5 2 8     9.0    7.0
 52 4122.814799 2.223E-23 4.466E-01.05770.063  242.51480.78-.004939              2              0                    P 11      475683 5 8 5 5 3 8    42.0   46.0
 51 4122.974151 3.217E-26 1.363E+00.05170.055 2866.29750.74-.005359              3              1                    P 19      475683 5 8 5 5 2 8    37.0   39.0
 52 4123.341258 1.589E-27 1.117E+00.07570.081 2099.71010.78-.003598              3              1                    R  1      475683 5 8 5 5 2 8    10.0    6.0
 53 4123.741153 4.745E-24 4.541E-01.05950.065  164.74330.78-.004746              2              0                    P  9      475683 5 8 5 5 3 8    17.0   19.0
 53 4125.817460 6.216E-28 1.286E+00.06510.071 2128.41370.76-.003678              3              1                    R  4      475683 5 8 5 5 2 8    11.0    9.0
 51 4126.474366 8.617E-24 4.238E-01.04600.049 1557.06070.74-.005614              2              0                    P 28      485623 6 8 5 5 2 8    55.0   57.0
 51 4126.520213 1.754E-29 3.100E+00.06180.068 4365.74430.78-.004478              4              2                    P  7      465683 5 8 5 5 2 8    13.0   15.0
 52 4126.787780 2.314E-27 1.206E+00.07120.077 2106.99640.77-.003625              3              1                    R  2      475683 5 8 5 5 2 8    14.0   10.0
 52 4127.137651 2.473E-23 4.522E-01.05860.064  202.10920.78-.004850              2              0                    P 10      475683 5 8 5 5 3 8    38.0   42.0
 53 4127.918758 4.979E-24 4.610E-01.06060.066  131.80180.77-.004623              2              0                    P  8      475683 5 8 5 5 3 8    15.0   17.0
 51 4128.019146 4.353E-26 1.376E+00.05240.056 2794.07430.75-.005323              3              1                    P 18      475683 5 8 5 5 2 8    35.0   37.0
 53 4129.054554 6.870E-28 1.315E+00.06320.069 2146.55810.77-.003714              3              1                    R  5      475683 5 8 5 5 2 8    13.0   11.0
 52 4130.168472 2.943E-27 1.260E+00.06770.074 2117.92550.76-.003650              3              1                    R  3      475683 5 8 5 5 2 8    18.0   14.0
 51 4130.712142 1.719E-29 3.165E+00.06320.069 4339.32740.77-.004303              4              2                    P  6      465683 5 8 5 5 2 8    11.0   13.0
 52 4131.396414 2.676E-23 4.584E-01.05950.065  165.37220.79-.004746              2              0                    P  9      475683 5 8 5 5 3 8    34.0   38.0
 53 4132.032370 5.051E-24 4.690E-01.06180.068  102.51750.76-.004478              2              0                    P  7      475683 5 8 5 5 3 8    13.0   15.0
 51 4132.154167 1.406E-23 4.274E-01.04650.049 1449.93590.74-.005589              2              0                    P 27      485623 6 8 5 5 2 8    53.0   55.0
 53 4132.225797 7.253E-28 1.340E+00.06180.068 2168.32990.78-.003759              3              1                    R  6      475683 5 8 5 5 2 8    15.0   13.0
 51 4132.996778 5.764E-26 1.389E+00.05310.057 2725.63610.75-.005284              3              1                    P 17      475683 5 8 5 5 2 8    33.0   35.0
 52 4133.483202 3.447E-27 1.298E+00.06510.071 2132.49690.76-.003678              3              1                    R  4      475683 5 8 5 5 2 8    22.0   18.0
 51 4134.834953 1.608E-29 3.248E+00.06510.071 4316.68240.76-.004091              4              2                    P  5      465683 5 8 5 5 2 8     9.0   11.0
 53 4135.331054 7.370E-28 1.361E+00.06060.066 2193.72830.79-.003813              3              1                    R  7      475683 5 8 5 5 2 8    17.0   15.0
 52 4135.590954 2.809E-23 4.654E-01.06060.066  132.30500.78-.004623              2              0                    P  8      475683 5 8 5 5 3 8    30.0   34.0
 53 4136.081858 4.932E-24 4.788E-01.06320.069   76.89140.75-.004303              2              0                    P  6      475683 5 8 5 5 3 8    11.0   13.0
 52 4136.731834 3.809E-27 1.328E+00.06320.069 2150.71030.77-.003714              3              1                    R  5      475683 5 8 5 5 2 8    26.0   22.0
 51 4137.767916 2.249E-23 4.311E-01.04710.050 1346.60080.74-.005563              2              0                    P 26      485623 6 8 5 5 2 8    51.0   53.0
 51 4137.906900 7.469E-26 1.402E+00.05380.058 2660.98550.76-.005241              3              1                    P 16      475683 5 8 5 5 2 8    31.0   33.0
 53 4138.370194 7.243E-28 1.381E+00.05950.065 2222.75230.79-.003875              3              1                    R  8      475683 5 8 5 5 2 8    19.0   17.0
 51 4138.888500 1.418E-29 3.367E+00.06770.074 4297.81020.76-.003831              4              2                    P  4      465683 5 8 5 5 2 8     7.0    9.0
 52 4139.721137 2.852E-23 4.735E-01.06180.068  102.90890.78-.004478              2              0                    P  7      475683 5 8 5 5 3 8    26.0   30.0
 52 4139.914234 4.019E-27 1.353E+00.06180.068 2172.56480.78-.003759              3              1                    R  6      475683 5 8 5 5 2 8    30.0   26.0
 53 4140.067087 4.600E-24 4.914E-01.06510.071   54.92440.74-.004091              2              0                    P  5      475683 5 8 5 5 3 8     9.0   11.0
 53 4141.343082 6.909E-28 1.398E+00.05860.064 2255.40100.78-.003945              3              1                    R  9      475683 5 8 5 5 2 8    21.0   19.0
 51 4142.749366 9.464E-26 1.416E+00.05450.059 2600.12490.76-.005194              3              1                    P 15      475683 5 8 5 5 2 8    29.0   31.0
 51 4142.872637 1.151E-29 3.562E+00.07120.077 4282.71160.77-.003510              4              2                    P  3      465683 5 8 5 5 2 8     5.0    7.0
 52 4143.030268 4.083E-27 1.375E+00.06060.066 2198.05970.79-.003813              3              1                    R  7      475683 5 8 5 5 2 8    34.0   30.0
 51 4143.315466 3.526E-23 4.349E-01.04770.051 1247.05920.74-.005537              2              0                    P 25      485623 6 8 5 5 2 8    49.0   51.0
 52 4143.786828 2.786E-23 4.833E-01.06320.069   77.18500.77-.004303              2              0                    P  6      475683 5 8 5 5 3 8    22.0   26.0
 53 4143.987925 4.045E-24 5.093E-01.06770.074   36.61740.74-.003831              2              0                    P  4      475683 5 8 5 5 3 8     7.0    9.0
 53 4144.249586 6.410E-28 1.415E+00.05770.063 2291.67320.78-.004022              3              1                    R 10      475683 5 8 5 5 2 8    23.0   21.0
 52 4146.079802 4.010E-27 1.394E+00.05950.065 2227.19410.79-.003875              3              1                    R  8      475683 5 8 5 5 2 8    38.0   34.0
 51 4146.787216 8.157E-30 3.988E+00.07570.081 4271.38710.77-.003108              4              2                    P  2      465683 5 8 5 5 2 8     3.0    5.0
 53 4147.089574 5.795E-28 1.431E+00.05690.062 2331.56740.77-.004104              3              1                    R 11      475683 5 8 5 5 2 8    25.0   23.0
 51 4147.524030 1.172E-25 1.431E+00.05530.059 2543.05670.77-.005142              3              1                    P 14      475683 5 8 5 5 2 8    27.0   29.0
 52 4147.787893 2.599E-23 4.961E-01.06510.071   55.13410.76-.004091              2              0                    P  5      475683 5 8 5 5 3 8    18.0   22.0
 53 4147.844237 3.277E-24 5.389E-01.07120.077   21.97100.75-.003510              2              0                    P  3      475683 5 8 5 5 3 8     5.0    7.0
 51 4148.796673 5.420E-23 4.387E-01.04830.051 1151.31500.74-.005510              2              0                    P 24      585623 6 8 5 5 2 8    47.0   49.0
 52 4149.062702 3.823E-27 1.412E+00.05860.064 2259.96680.78-.003945              3              1                    R  9      475683 5 8 5 5 2 8    42.0   38.0
 53 4149.862911 5.112E-28 1.446E+00.05610.060 2375.08220.77-.004190              3              1                    R 12      475683 5 8 5 5 2 8    27.0   25.0
 51 4150.632092 4.256E-30 6.028E+00.08030.087 4263.83720.78-.002599              4              2                    P  1      465683 5 8 5 5 2 8     1.0    3.0
 53 4151.635892 2.318E-24 6.034E-01.07570.081   10.98570.76-.003108              2              0                    P  2      475683 5 8 5 5 3 8     3.0    5.0
 52 4151.724198 2.287E-23 5.142E-01.06770.074   36.75720.76-.003831              2              0                    P  4      475683 5 8 5 5 3 8    14.0   18.0
 52 4151.978835 3.544E-27 1.429E+00.05770.063 2296.37670.78-.004022              3              1                    R 10      475683 5 8 5 5 2 8    46.0   42.0
 51 4152.230745 1.418E-25 1.446E+00.05610.060 2489.78310.78-.005083              3              1                    P 13      475683 5 8 5 5 2 8    25.0   27.0
 53 4152.569466 4.404E-28 1.460E+00.05530.059 2422.21600.76-.004280              3              1                    R 13      475683 5 8 5 5 2 8    29.0   27.0
 51 4154.211390 8.164E-23 4.426E-01.04900.054 1059.37180.74-.005587              2              0                    P 23      585725 6 8 5 3 2 3    45.0   47.0
 52 4154.828065 3.202E-27 1.444E+00.05690.062 2336.42240.77-.004104              3              1                    R 11      475683 5 8 5 5 2 8    50.0   46.0
 53 4155.209104 3.710E-28 1.474E+00.05450.059 2472.96720.76-.004372              3              1                    R 14      475683 5 8 5 5 2 8    31.0   29.0
 53 4155.362756 1.208E-24 9.120E-01.08030.087    3.66190.77-.002599              2              0                    P  1      475683 5 8 5 5 3 8     1.0    3.0
 52 4155.595608 1.853E-23 5.440E-01.07120.077   22.05490.77-.003510              2              0                    P  3      475683 5 8 5 5 3 8    10.0   14.0
 51 4156.869364 1.674E-25 1.463E+00.05690.062 2440.30620.78-.005016              3              1                    P 12      475683 5 8 5 5 2 8    23.0   25.0
 52 4157.610259 2.822E-27 1.460E+00.05610.060 2380.10250.77-.004190              3              1                    R 12      475683 5 8 5 5 2 8    54.0   50.0
 53 4157.781695 3.057E-28 1.488E+00.05380.058 2527.33370.75-.004467              3              1                    R 15      475683 5 8 5 5 2 8    33.0   31.0
 51 4158.112142 4.385E-30 2.040E+00.08030.087 4260.06220.78-.003557              4              2                    R  0      465683 5 8 5 5 2 8     3.0    1.0
 52 4159.401990 1.311E-23 6.091E-01.07570.081   11.02760.78-.003108              2              0                    P  2      475683 5 8 5 5 3 8     6.0   10.0
 51 4159.559472 1.205E-22 4.466E-01.04960.054  971.23320.74-.005084              2              0                    P 22      585725 6 8 5 3 2 3    43.0   45.0
 53 4160.287104 2.465E-28 1.502E+00.05310.057 2585.31370.75-.004562              3              1                    R 16      475683 5 8 5 5 2 8    35.0   33.0
 52 4160.325284 2.430E-27 1.474E+00.05530.059 2427.41530.76-.004280              3              1                    R 13      475683 5 8 5 5 2 8    58.0   54.0
 51 4161.439741 1.927E-25 1.480E+00.05770.063 2394.62790.79-.004939              3              1                    P 11      475683 5 8 5 5 2 8    21.0   23.0
 51 4161.747023 8.661E-30 2.467E+00.07570.081 4263.83720.78-.003598              4              2                    R  1      465683 5 8 5 5 2 8     5.0    3.0
 53 4162.621577 1.244E-24 3.087E-01.08030.087    0.00000.77-.003557              2              0                    R  0      475683 5 8 5 5 3 8     3.0    1.0
 53 4162.725198 1.947E-28 1.516E+00.05240.056 2646.90500.74-.004658              3              1                    R 17      475683 5 8 5 5 2 8    37.0   35.0
 52 4162.973004 2.045E-27 1.489E+00.05450.059 2478.35910.76-.004372              3              1                    R 14      475683 5 8 5 5 2 8    62.0   58.0
 52 4163.143209 6.832E-24 9.207E-01.08030.087    3.67590.79-.002599              2              0                    P  1      475683 5 8 5 5 3 8     2.0    6.0
 51 4164.840773 1.742E-22 4.507E-01.05030.054  886.90240.74-.005939              2              0                    P 21      585725 6 8 5 3 2 3    41.0   43.0
 53 4165.095846 1.506E-28 1.529E+00.05170.055 2712.10540.74-.004754              3              1                    R 18      475683 5 8 5 5 2 8    39.0   37.0
 51 4165.311613 1.260E-29 2.663E+00.07120.077 4271.38710.77-.003625              4              2                    R  2      465683 5 8 5 5 2 8     7.0    5.0
 52 4165.553287 1.683E-27 1.503E+00.05380.058 2532.93210.75-.004467              3              1                    R 15      475683 5 8 5 5 2 8    66.0   62.0
 51 4165.941729 2.159E-25 1.499E+00.05860.064 2352.74990.79-.004850              3              1                    P 10      475683 5 8 5 5 2 8    19.0   21.0
 53 4166.153267 2.459E-24 3.732E-01.07570.081    3.66190.76-.003598              2              0                    R  1      475683 5 8 5 5 3 8     5.0    3.0
 53 4167.398915 1.142E-28 1.542E+00.05100.054 2780.91240.73-.004850              3              1                    R 19      475683 5 8 5 5 2 8    41.0   39.0
 52 4168.065999 1.356E-27 1.517E+00.05310.057 2591.13210.75-.004562              3              1                    R 16      475683 5 8 5 5 2 8    70.0   66.0
 51 4168.805764 1.599E-29 2.783E+00.06770.074 4282.71160.76-.003650              4              2                    R  3      465683 5 8 5 5 2 8     9.0    7.0
 53 4169.619634 3.581E-24 4.029E-01.07120.077   10.98570.75-.003625              2              0                    R  2      475683 5 8 5 5 3 8     7.0    5.0
 53 4169.634271 8.485E-29 1.555E+00.05030.053 2853.32350.73-.004945              3              1                    R 20      475683 5 8 5 5 2 8    43.0   41.0
 51 4170.055146 2.468E-22 4.548E-01.05100.054  806.38280.74-.005465              2              0                    P 20      585775 6 8 5 3 2 3    39.0   41.0
 51 4170.375182 2.352E-25 1.519E+00.05950.065 2314.67390.79-.004746              3              1                    P  9      475683 5 8 5 5 2 8    17.0   19.0
 52 4170.429620 7.038E-24 3.116E-01.08030.087    0.00000.79-.003557              2              0                    R  0      475683 5 8 5 5 3 8     6.0    2.0
 52 4170.511005 1.070E-27 1.530E+00.05240.056 2652.95710.74-.004658              3              1                    R 17      475683 5 8 5 5 2 8    74.0   70.0
 53 4171.801783 6.182E-29 1.568E+00.04960.053 2929.33600.72-.005039              3              1                    R 21      475683 5 8 5 5 2 8    45.0   43.0
 51 4172.229329 1.869E-29 2.868E+00.06510.071 4297.81020.76-.003678              4              2                    R  4      465683 5 8 5 5 2 8    11.0    9.0
 52 4172.888173 8.266E-28 1.544E+00.05170.055 2718.40470.74-.004754              3              1                    R 18      475683 5 8 5 5 2 8    78.0   74.0
 53 4173.020543 4.553E-24 4.210E-01.06770.074   21.97100.74-.003650              2              0                    R  3      475683 5 8 5 5 3 8     9.0    7.0
 53 4173.901317 4.417E-29 1.581E+00.04900.052 3008.94730.72-.005132              3              1                    R 22      475683 5 8 5 5 2 8    47.0   45.0
 52 4173.974545 1.391E-23 3.768E-01.07570.081    3.67590.78-.003598              2              0                    R  1      475683 5 8 5 5 3 8    10.0    6.0
 51 4174.739953 2.483E-25 1.542E+00.06060.066 2280.40120.79-.004623              3              1                    P  8      475683 5 8 5 5 2 8    15.0   17.0
 52 4175.197367 6.258E-28 1.557E+00.05100.054 2787.47270.73-.004850              3              1                    R 19      475683 5 8 5 5 2 8    82.0   78.0
 51 4175.202446 3.422E-22 4.590E-01.05170.054  729.67740.74-.005354              2              0                    P 19      585785 6 8 5 3 2 3    37.0   39.0
 51 4175.582162 2.058E-29 2.934E+00.06320.069 4316.68240.77-.003714              4              2                    R  5      465683 5 8 5 5 2 8    13.0   11.0
 53 4175.932741 3.095E-29 1.594E+00.04830.051 3092.15430.71-.005224              3              1                    R 23      475683 5 8 5 5 2 8    49.0   47.0
 53 4176.355862 5.332E-24 4.339E-01.06510.071   36.61740.74-.003678              2              0                    R  4      475683 5 8 5 5 3 8    11.0    9.0
 52 4177.438456 4.644E-28 1.570E+00.05030.053 2860.15840.73-.004945              3              1                    R 20      475683 5 8 5 5 2 8    86.0   82.0
 52 4177.453769 2.025E-23 4.068E-01.07120.077   11.02760.77-.003625              2              0                    R  2      475683 5 8 5 5 3 8    14.0   10.0
 53 4177.895923 2.128E-29 1.607E+00.04770.051 3178.95400.71-.005314              3              1                    R 24      475663 5 8 5 5 2 8    51.0   49.0
 51 4178.864116 2.164E-29 2.989E+00.06180.068 4339.32740.78-.003759              4              2                    R  6      465683 5 8 5 5 2 8    15.0   13.0
 51 4179.035895 2.534E-25 1.569E+00.06180.068 2249.93340.78-.004478              3              1                    P  7      475683 5 8 5 5 2 8    13.0   15.0
 52 4179.611304 3.379E-28 1.584E+00.04960.053 2936.45910.72-.005039              3              1                    R 21      475683 5 8 5 5 2 8    90.0   86.0
 53 4179.625457 5.889E-24 4.439E-01.06320.069   54.92440.75-.003714              2              0                    R  5      475683 5 8 5 5 3 8    13.0   11.0
 53 4179.790731 1.435E-29 1.620E+00.04710.050 3269.34320.70-.005402              3              1                    R 25      475663 5 8 5 5 2 8    53.0   51.0
 51 4180.282526 4.646E-22 4.634E-01.05240.054  656.78920.76-.005312              2              0                    P 18      685785 6 8 5 3 2 3    35.0   37.0
 52 4180.867159 2.575E-23 4.251E-01.06770.074   22.05490.76-.003650              2              0                    R  3      475683 5 8 5 5 3 8    18.0   14.0
 53 4181.617030 9.498E-30 1.633E+00.04650.049 3363.31850.70-.005489              3              1                    R 26      475663 5 8 5 5 2 8    55.0   53.0
 52 4181.715779 2.411E-28 1.597E+00.04900.052 3016.37200.72-.005132              3              1                    R 22      475683 5 8 5 5 2 8    94.0   90.0
 51 4182.075043 2.188E-29 3.037E+00.06060.066 4365.74430.79-.003813              4              2                    R  7      465683 5 8 5 5 2 8    17.0   15.0
 53 4182.829196 6.212E-24 4.523E-01.06180.068   76.89140.76-.003759              2              0                    R  6      475683 5 8 5 5 3 8    15.0   13.0
 51 4183.262861 2.487E-25 1.602E+00.06320.069 2223.27140.77-.004303              3              1                    P  6      475683 5 8 5 5 2 8    11.0   13.0
 53 4183.374691 6.169E-30 1.646E+00.04600.049 3460.87660.70-.005574              3              1                    R 27      475663 5 8 5 5 2 8    57.0   55.0
 52 4183.751747 1.687E-28 1.610E+00.04830.051 3099.89420.71-.005224              3              1                    R 23      475683 5 8 5 5 2 8    98.0   94.0
 52 4184.214581 3.014E-23 4.381E-01.06510.071   36.75720.76-.003678              2              0                    R  4      475683 5 8 5 5 3 8    22.0   18.0
 53 4185.063579 3.933E-30 1.658E+00.04540.048 3562.01380.70-.005656              3              1                    R 28      475663 5 8 5 5 2 8    59.0   57.0
 51 4185.214797 2.138E-29 3.080E+00.05950.065 4395.93220.79-.003875              4              2                    R  8      465683 5 8 5 5 2 8    19.0   17.0
 51 4185.295240 6.172E-22 4.678E-01.05310.054  587.72090.76-.005224              2              0                    P 17      685785 6 8 5 3 2 3    33.0   35.0
 52 4185.719074 1.158E-28 1.623E+00.04770.051 3187.02260.71-.005314              3              1                    R 24      475663 5 8 5 5 2 8   102.0   98.0
 53 4185.966945 6.306E-24 4.595E-01.06060.066  102.51750.77-.003813              2              0                    R  7      475683 5 8 5 5 3 8    17.0   15.0
 53 4186.683563 2.461E-30 1.671E+00.04480.047 3666.72650.70-.005738              3              1                    R 29      475663 5 8 5 5 2 8    61.0   59.0
 51 4187.420705 2.329E-25 1.644E+00.06510.071 2200.41640.76-.004091              3              1                    P  5      475683 5 8 5 5 2 8     9.0   11.0
 52 4187.495901 3.328E-23 4.482E-01.06320.069   55.13410.77-.003714              2              0                    R  5      475683 5 8 5 5 3 8    26.0   22.0
 52 4187.617628 7.795E-29 1.636E+00.04710.050 3277.75410.70-.005402              3              1                    R 25      475663 5 8 5 5 2 8   106.0  102.0
 53 4188.234510 1.512E-30 1.684E+00.04430.047 3775.01070.70-.005817              3              1                    R 30      465663 5 8 5 5 2 8    63.0   61.0
 51 4188.283232 2.027E-29 3.120E+00.05860.064 4429.88980.78-.003945              4              2                    R  9      465683 5 8 5 5 2 8    21.0   19.0
 53 4189.038572 6.190E-24 4.660E-01.05950.065  131.80180.78-.003875              2              0                    R  8      475683 5 8 5 5 3 8    19.0   17.0
 52 4189.447273 5.150E-29 1.649E+00.04650.049 3372.08510.70-.005489              3              1                    R 26      475663 5 8 5 5 2 8   110.0  106.0
 53 4189.716288 9.122E-31 1.697E+00.04380.046 3886.86250.70-.005894              3              1                    R 31      465663 5 8 5 5 2 8    65.0   63.0
 51 4190.240441 8.022E-22 4.725E-01.05380.054  522.47510.76-.005228              2              0                    P 16      685785 6 8 5 3 2 3    31.0   33.0
 52 4190.710984 3.509E-23 4.566E-01.06180.068   77.18500.77-.003759              2              0                    R  6      475683 5 8 5 5 3 8    30.0   26.0
 53 4191.128765 5.403E-31 1.710E+00.04320.046 4002.27780.70-.005969              3              1                    R 32      465663 5 8 5 5 2 8    67.0   65.0
 52 4191.207878 3.339E-29 1.662E+00.04600.049 3470.01230.70-.005574              3              1                    R 27      475663 5 8 5 5 2 8   114.0  110.0
 51 4191.280199 1.867E-29 3.157E+00.05770.063 4467.61580.78-.004022              4              2                    R 10      465683 5 8 5 5 2 8    23.0   21.0
 51 4191.509279 2.056E-25 1.705E+00.06770.074 2181.36920.76-.003831              3              1                    P  4      475683 5 8 5 5 2 8     7.0    9.0
 53 4192.043944 5.896E-24 4.721E-01.05860.064  164.74330.78-.003945              2              0                    R  9      475683 5 8 5 5 3 8    21.0   19.0
 53 4192.471808 3.142E-31 1.723E+00.04270.045 4121.25240.70-.006043              3              1                    R 33      465623 5 8 5 5 2 8    69.0   67.0
 52 4192.899309 2.125E-29 1.675E+00.04540.048 3571.53210.70-.005656              3              1                    R 28      475663 5 8 5 5 2 8   118.0  114.0
 53 4193.745286 1.795E-31 1.736E+00.04220.045 4243.78180.70-.006115              3              1                    R 34      465623 5 8 5 5 2 8    71.0   69.0
 52 4193.859697 3.561E-23 4.640E-01.06060.066  102.90890.78-.003813              2              0                    R  7      475683 5 8 5 5 3 8    34.0   30.0
 51 4194.205553 1.675E-29 3.192E+00.05690.062 4509.10880.77-.004104              4              2                    R 11      465683 5 8 5 5 2 8    25.0   23.0
 52 4194.521432 1.327E-29 1.688E+00.04480.047 3676.64070.70-.005738              3              1                    R 29      475663 5 8 5 5 2 8   122.0  118.0
 53 4194.949065 1.007E-31 1.749E+00.04170.044 4369.86160.70-.006185              3              1                    R 35      465623 5 8 5 5 2 8    73.0   71.0
 53 4194.982927 5.462E-24 4.777E-01.05770.063  201.34070.77-.004022              2              0                    R 10      475683 5 8 5 5 3 8    23.0   21.0
 51 4195.117982 1.019E-21 4.772E-01.05450.054  461.05440.76-.005105              2              0                    P 15      685785 6 8 5 3 2 3    29.0   31.0
 51 4195.528436 1.670E-25 1.804E+00.07120.077 2166.13050.77-.003510              3              1                    P  3      475683 5 8 5 5 2 8     5.0    7.0
 52 4196.074113 8.139E-30 1.701E+00.04430.047 3785.33420.70-.005817              3              1                    R 30      465663 5 8 5 5 2 8   126.0  122.0
 52 4196.941905 3.494E-23 4.706E-01.05950.065  132.30500.78-.003875              2              0                    R  8      475683 5 8 5 5 3 8    38.0   34.0
 51 4197.059147 1.465E-29 3.226E+00.05610.060 4554.36700.77-.004190              4              2                    R 12      465683 5 8 5 5 2 8    27.0   25.0
 52 4197.557220 4.899E-30 1.714E+00.04380.046 3897.60860.70-.005894              3              1                    R 31      465663 5 8 5 5 2 8   130.0  126.0
 53 4197.855390 4.930E-24 4.830E-01.05690.062  241.59270.77-.004104              2              0                    R 11      475683 5 8 5 5 3 8    25.0   23.0
 52 4198.970620 2.896E-30 1.727E+00.04320.046 4013.45980.70-.005969              3              1                    R 32      465663 5 8 5 5 2 8   134.0  130.0
 51 4199.478031 1.184E-25 2.020E+00.07570.081 2154.70100.77-.003108              3              1                    P  2      475683 5 8 5 5 2 8     3.0    5.0
 51 4199.840834 1.251E-29 3.259E+00.05530.059 4603.38890.76-.004280              4              2                    R 13      465683 5 8 5 5 2 8    29.0   27.0
 51 4199.927718 1.266E-21 4.822E-01.05530.054  403.46120.77-.005048              2              0                    P 14      685785 6 8 5 3 2 3    27.0   29.0
 52 4199.957475 3.326E-23 4.766E-01.05860.064  165.37220.78-.003945              2              0                    R  9      475683 5 8 5 5 3 8    42.0   38.0
 52 4200.314179 1.680E-30 1.740E+00.04270.045 4132.88350.70-.006043              3              1                    R 33      465623 5 8 5 5 2 8   138.0  134.0
 53 4200.661198 4.341E-24 4.882E-01.05610.060  285.49790.76-.004190              2              0                    R 12      475683 5 8 5 5 3 8    27.0   25.0
 52 4201.587763 9.576E-31 1.753E+00.04220.045 4255.87530.70-.006115              3              1                    R 34      465623 5 8 5 5 2 8   142.0  138.0
 51 4202.550466 1.043E-29 3.291E+00.05450.059 4656.17240.76-.004372              4              2                    R 14      465683 5 8 5 5 2 8    31.0   29.0
 52 4202.791241 5.359E-31 1.766E+00.04170.044 4382.43060.70-.006185              3              1                    R 35      465623 5 8 5 5 2 8   146.0  142.0
 52 4202.906273 3.079E-23 4.823E-01.05770.063  202.10920.77-.004022              2              0                    R 10      475683 5 8 5 5 3 8    46.0   42.0
 51 4203.357916 6.181E-26 3.053E+00.08030.087 2147.08110.78-.002599              3              1                    P  1      475683 5 8 5 5 2 8     1.0    3.0
 53 4203.400220 3.733E-24 4.932E-01.05530.059  333.05460.75-.004280              2              0                    R 13      475683 5 8 5 5 3 8    29.0   27.0
 52 4203.924477 2.945E-31 1.780E+00.04130.044 4512.54480.70-.006253              3              1                    R 36      465623 5 8 5 5 2 8   150.0  146.0
 51 4204.669501 1.535E-21 4.874E-01.05610.054  349.69750.78-.004926              2              0                    P 13      685785 6 8 5 3 2 3    25.0   27.0
 52 4204.987340 1.590E-31 1.793E+00.04080.043 4646.21300.70-.006319              3              1                    R 37      465623 5 8 5 5 2 8   154.0  150.0
 51 4205.187898 8.507E-30 3.322E+00.05380.058 4712.71560.75-.004467              4              2                    R 15      465683 5 8 5 5 2 8    33.0   31.0
 52 4205.788165 2.777E-23 4.877E-01.05690.062  242.51480.77-.004104              2              0                    R 11      475683 5 8 5 5 3 8    50.0   46.0
 53 4206.072323 3.138E-24 4.980E-01.05450.059  384.26120.75-.004372              2              0                    R 14      475683 5 8 5 5 3 8    31.0   29.0
 51 4207.752983 6.785E-30 3.353E+00.05310.057 4773.01610.75-.004562              4              2                    R 16      465683 5 8 5 5 2 8    35.0   33.0
 52 4208.603017 2.443E-23 4.929E-01.05610.060  286.58750.76-.004190              2              0                    R 12      475683 5 8 5 5 3 8    54.0   50.0
 53 4208.677374 2.580E-24 5.028E-01.05380.058  439.11570.74-.004467              2              0                    R 15      475683 5 8 5 5 3 8    33.0   31.0
 51 4209.343184 1.816E-21 4.929E-01.05690.054  299.76560.78-.004952              2              0                    P 12      685785 6 8 5 3 2 3    23.0   25.0
 51 4210.245573 5.295E-30 3.383E+00.05240.056 4837.07170.74-.004658              4              2                    R 17      465683 5 8 5 5 2 8    37.0   35.0
 51 4210.907967 6.371E-26 1.034E+00.08030.087 2143.27110.78-.003557              3              1                    R  0      475683 5 8 5 5 2 8     3.0    1.0
 53 4211.215241 2.076E-24 5.074E-01.05310.057  497.61620.73-.004562              2              0                    R 16      475683 5 8 5 5 3 8    35.0   33.0
 52 4211.350695 2.099E-23 4.980E-01.05530.059  334.32560.75-.004280              2              0                    R 13      475683 5 8 5 5 3 8    58.0   54.0
 51 4212.665523 4.045E-30 3.413E+00.05170.055 4904.87990.74-.004754              4              2                    R 18      465683 5 8 5 5 2 8    39.0   37.0
 53 4213.685790 1.635E-24 5.120E-01.05240.056  559.76050.72-.004658              2              0                    R 17      475683 5 8 5 5 3 8    37.0   35.0
 51 4213.948622 2.095E-21 4.988E-01.05770.054  253.66720.79-.004877              2              0                    P 11      685785 6 8 5 3 2 3    21.0   23.0
 52 4214.031066 1.763E-23 5.029E-01.05450.059  385.72750.73-.004372              2              0                    R 14      475683 5 8 5 5 3 8    62.0   58.0
 51 4214.577840 1.258E-25 1.250E+00.07570.081 2147.08110.78-.003598              3              1                    R  1      475683 5 8 5 5 2 8     5.0    3.0
 51 4215.012686 3.026E-30 3.443E+00.05100.054 4976.43800.73-.004850              4              2                    R 19      465683 5 8 5 5 2 8    41.0   39.0
 53 4216.088891 1.261E-24 5.166E-01.05170.055  625.54630.71-.004754              2              0                    R 18      475683 5 8 5 5 3 8    39.0   37.0
 52 4216.643996 1.448E-23 5.077E-01.05380.058  440.79120.73-.004467              2              0                    R 15      475683 5 8 5 5 3 8    66.0   62.0
 51 4217.286914 2.217E-30 3.472E+00.05030.053 5051.74320.73-.004945              4              2                    R 20      465683 5 8 5 5 2 8    43.0   41.0
 51 4218.177415 1.830E-25 1.349E+00.07120.077 2154.70100.77-.003625              3              1                    R  2      475683 5 8 5 5 2 8     7.0    5.0
 53 4218.424409 9.535E-25 5.211E-01.05100.054  694.97140.71-.004850              2              0                    R 19      475673 5 8 5 5 3 8    41.0   39.0
 51 4218.485666 2.353E-21 5.051E-01.05860.054  211.40410.79-.004840              2              0                    P 10      685785 6 8 5 3 2 3    19.0   21.0
 52 4219.189352 1.164E-23 5.124E-01.05310.057  499.51460.72-.004562              2              0                    R 16      475683 5 8 5 5 3 8    70.0   66.0
 51 4219.488062 1.592E-30 3.502E+00.04960.053 5130.79260.72-.005039              4              2                    R 21      465683 5 8 5 5 2 8    45.0   43.0
 53 4220.692214 7.063E-25 5.256E-01.05030.053  768.03310.70-.004945              2              0                    R 20      475623 5 8 5 5 3 8    43.0   41.0
 51 4221.615983 1.120E-30 3.531E+00.04900.052 5213.58320.72-.005132              4              2                    R 22      465683 5 8 5 5 2 8    47.0   45.0
 52 4221.667000 9.155E-24 5.170E-01.05240.056  561.89580.71-.004658              2              0                    R 17      475683 5 8 5 5 3 8    74.0   70.0
 51 4221.706546 2.322E-25 1.410E+00.06770.074 2166.13050.76-.003650              3              1                    R  3      475683 5 8 5 5 2 8     9.0    7.0
 53 4222.892171 5.129E-25 5.300E-01.04960.053  844.72880.70-.005039              2              0                    R 21      475623 5 8 5 5 3 8    45.0   43.0
 51 4222.954171 2.567E-21 5.121E-01.05950.054  172.97800.79-.004770              2              0                    P  9      685785 6 8 5 3 2 3    17.0   19.0
 51 4223.670530 7.721E-31 3.560E+00.04830.051 5300.11170.71-.005224              4              2                    R 23      465683 5 8 5 5 2 8    49.0   47.0
 52 4224.076806 7.055E-24 5.216E-01.05170.055  627.93240.70-.004754              2              0                    R 18      475683 5 8 5 5 3 8    78.0   74.0
 53 4225.024151 3.652E-25 5.345E-01.04900.052  925.05570.70-.005132              2              0                    R 22      475623 5 8 5 5 3 8    47.0   45.0
 51 4225.165085 2.711E-25 1.453E+00.06510.071 2181.36920.76-.003678              3              1                    R  4      475683 5 8 5 5 2 8    11.0    9.0
 51 4225.651557 5.220E-31 3.589E+00.04770.051 5390.37470.71-.005314              4              2                    R 24      465663 5 8 5 5 2 8    51.0   49.0
 52 4226.418637 5.326E-24 5.262E-01.05100.054  697.62190.68-.004850              2              0                    R 19      475683 5 8 5 5 3 8    82.0   78.0
 53 4227.088019 2.550E-25 5.389E-01.04830.051 1009.01080.70-.005224              2              0                    R 23      475623 5 8 5 5 3 8    49.0   47.0
 51 4227.353988 2.715E-21 5.200E-01.06060.054  138.39040.79-.004689              2              0                    P  8      685785 6 8 5 3 2 3    15.0   17.0
 51 4227.558918 3.460E-31 3.618E+00.04710.050 5484.36870.70-.005402              4              2                    R 25      465663 5 8 5 5 2 8    53.0   51.0
 51 4228.552886 2.984E-25 1.487E+00.06320.069 2200.41640.77-.003714              3              1                    R  5      475683 5 8 5 5 2 8    13.0   11.0
 52 4228.692360 3.940E-24 5.307E-01.05030.053  770.96190.69-.004945              2              0                    R 20      475673 5 8 5 5 3 8    86.0   82.0
 53 4229.083645 1.747E-25 5.433E-01.04770.051 1096.59120.70-.005314              2              0                    R 24      475623 5 8 5 5 3 8    51.0   49.0
 51 4229.392465 2.249E-31 3.647E+00.04650.049 5582.09010.70-.005489              4              2                    R 26      465663 5 8 5 5 2 8    55.0   53.0
 52 4230.897841 2.857E-24 5.353E-01.04960.053  847.94970.67-.005039              2              0                    R 21      475673 5 8 5 5 3 8    90.0   86.0
 53 4231.010895 1.174E-25 5.477E-01.04710.050 1187.79360.70-.005402              2              0                    R 25      475623 5 8 5 5 3 8    53.0   51.0
 51 4231.152052 1.433E-31 3.676E+00.04600.049 5683.53510.70-.005574              4              2                    R 27      465663 5 8 5 5 2 8    57.0   55.0
 51 4231.684972 2.775E-21 5.291E-01.06180.054  107.64240.78-.004604              2              0                    P  7      685785 6 8 5 3 2 3    13.0   15.0
 51 4231.869803 3.134E-25 1.515E+00.06180.068 2223.27140.78-.003759              3              1                    R  6      475683 5 8 5 5 2 8    15.0   13.0
 53 4232.869638 7.736E-26 5.521E-01.04650.049 1282.61470.70-.005489              2              0                    R 26      475623 5 8 5 5 3 8    55.0   53.0
 52 4233.034947 2.031E-24 5.398E-01.04900.052  928.58230.68-.005132              2              0                    R 22      475663 5 8 5 5 3 8    94.0   90.0
 53 4234.659742 5.004E-26 5.565E-01.04600.049 1381.05110.70-.005574              2              0                    R 27      475623 5 8 5 5 3 8    57.0   55.0
 52 4235.103546 1.416E-24 5.442E-01.04830.051 1012.85700.66-.005224              2              0                    R 23      475663 5 8 5 5 3 8    98.0   94.0
 51 4235.115687 3.166E-25 1.540E+00.06060.066 2249.93340.79-.003813              3              1                    R  7      475683 5 8 5 5 2 8    17.0   15.0
 51 4235.946976 2.727E-21 5.402E-01.06320.054   80.73540.77-.004443              2              0                    P  6      685785 6 8 5 3 2 3    11.0   13.0
 53 4236.381076 3.177E-26 5.610E-01.04540.048 1483.09910.70-.005656              2              0                    R 28      475623 5 8 5 5 3 8    59.0   57.0
 52 4237.103503 9.685E-25 5.487E-01.04770.051 1100.77060.67-.005314              2              0                    R 24      475623 5 8 5 5 1 8   102.0   98.0
 53 4238.033506 1.979E-26 5.654E-01.04480.047 1588.75510.70-.005738              2              0                    R 29      475623 5 8 5 5 3 8    61.0   59.0
 51 4238.290394 3.090E-25 1.562E+00.05950.065 2280.40120.79-.003875              3              1                    R  8      475683 5 8 5 5 2 8    19.0   17.0
 52 4239.034685 6.496E-25 5.532E-01.04710.050 1192.31990.67-.005402              2              0                    R 25      475623 5 8 5 5 1 8   106.0  102.0
 53 4239.616901 1.210E-26 5.698E-01.04430.047 1698.01520.70-.005817              2              0                    R 30      475623 5 8 5 5 3 8    63.0   61.0
 51 4240.139851 2.557E-21 5.546E-01.06510.054   57.67040.76-.004182              2              0                    P  5      685785 6 8 5 3 2 3     9.0   11.0
 52 4240.896961 4.275E-25 5.576E-01.04650.049 1287.50160.67-.005489              2              0                    R 26      475623 5 8 5 5 1 8   110.0  106.0
 53 4241.131129 7.266E-27 5.742E-01.04380.046 1810.87540.70-.005894              2              0                    R 31      475623 5 8 5 5 3 8    65.0   63.0
 51 4241.393775 2.924E-25 1.582E+00.05860.064 2314.67390.78-.003945              3              1                    R  9      475683 5 8 5 5 2 8    21.0   19.0
 53 4242.576060 4.282E-27 5.787E-01.04320.046 1927.33160.70-.005969              2              0                    R 32      475623 5 8 5 5 3 8    67.0   65.0
 52 4242.690196 2.760E-25 5.621E-01.04600.049 1386.31210.67-.005574              2              0                    R 27      475623 5 8 5 5 1 8   114.0  110.0
 53 4243.951560 2.478E-27 5.831E-01.04270.045 2047.37960.70-.006043              2              0                    R 33      475623 5 8 5 5 3 8    69.0   67.0
 51 4244.263453 2.259E-21 5.749E-01.06770.054   38.44810.76-.003803              2              0                    P  4      685785 6 8 5 3 2 3     7.0    9.0
 52 4244.414258 1.749E-25 5.665E-01.04540.048 1488.74790.67-.005656              2              0                    R 28      475623 5 8 5 5 1 8   118.0  114.0
 51 4244.425684 2.690E-25 1.601E+00.05770.063 2352.74990.78-.004022              3              1                    R 10      475683 5 8 5 5 2 8    23.0   21.0
 53 4245.257499 1.408E-27 5.875E-01.04220.045 2171.01490.70-.006115              2              0                    R 34      475623 5 8 5 5 3 8    71.0   69.0
 52 4246.069014 1.087E-25 5.710E-01.04480.047 1594.80530.67-.005738              2              0                    R 29      475623 5 8 5 5 1 8   122.0  118.0
 53 4246.493744 7.853E-28 5.920E-01.04170.044 2298.23320.70-.006185              2              0                    R 35      475623 5 8 5 5 3 8    73.0   71.0
 51 4247.385975 2.409E-25 1.619E+00.05690.062 2394.62790.77-.004104              3              1                    R 11      475683 5 8 5 5 2 8    25.0   23.0
 52 4247.654330 6.637E-26 5.755E-01.04430.047 1704.48020.67-.005817              2              0                    R 30      475623 5 8 5 5 1 8   126.0  122.0
 53 4247.660164 4.302E-28 5.965E-01.04130.044 2429.02970.70-.006253              2              0                    R 36      475623 5 8 5 5 3 8    75.0   73.0
 51 4248.317632 1.837E-21 6.084E-01.07120.054   23.06950.77-.003292              2              0                    P  3      685785 6 8 5 3 2 3     5.0    7.0
 53 4248.756627 2.315E-28 6.010E-01.04080.043 2563.39970.70-.006319              2              0                    R 37      475623 5 8 5 5 3 8    77.0   75.0
 52 4249.170074 3.976E-26 5.800E-01.04380.046 1817.76880.67-.005894              2              0                    R 31      475623 5 8 5 5 1 8   130.0  126.0
 53 4249.783001 1.223E-28 6.055E-01.04030.043 2701.33820.70-.006384              2              0                    R 38      475623 5 8 5 5 3 8    79.0   77.0
 51 4250.274500 2.103E-25 1.636E+00.05610.060 2440.30620.77-.004190              3              1                    R 12      475683 5 8 5 5 2 8    27.0   25.0
 52 4250.616114 2.338E-26 5.844E-01.04320.046 1934.66690.67-.005969              2              0                    R 32      475623 5 8 5 5 1 8   134.0  130.0
 53 4250.739156 6.348E-29 6.100E-01.03990.042 2842.84040.70-.006447              2              0                    R 39      475623 5 8 5 5 3 8    81.0   79.0
 53 4251.624959 3.236E-29 6.145E-01.03950.042 2987.90090.70-.006508              2              0                    R 40      475623 5 8 5 5 3 8    83.0   81.0
 52 4251.992316 1.350E-26 5.889E-01.04270.045 2055.17020.67-.006043              2              0                    R 33      475623 5 8 5 5 1 8   138.0  134.0
 51 4252.302244 1.303E-21 6.813E-01.07570.054   11.53500.77-.002983              2              0                    P  2      685785 6 8 5 3 2 3     3.0    5.0
 53 4252.440279 1.621E-29 6.190E-01.03900.041 3136.51440.70-.006568              2              0                    R 41      475623 5 8 5 5 3 8    85.0   83.0
 51 4253.091114 1.792E-25 1.653E+00.05530.059 2489.78310.76-.004280              3              1                    R 13      475683 5 8 5 5 2 8    29.0   27.0
 53 4253.184984 7.972E-30 6.236E-01.03860.041 3288.67570.70-.006626              2              0                    R 42      475623 5 8 5 5 3 8    87.0   85.0
 52 4253.298549 7.652E-27 5.934E-01.04220.045 2179.27430.67-.006115              2              0                    R 34      475623 5 8 5 5 1 8   142.0  138.0
 53 4253.858943 3.853E-30 6.281E-01.03820.040 3444.37910.70-.006682              2              0                    R 43      475623 5 8 5 5 3 8    89.0   87.0
 53 4254.462023 1.829E-30 6.327E-01.03780.040 3603.61900.70-.006738              2              0                    R 44      475623 5 8 5 5 3 8    91.0   89.0
 52 4254.534678 4.259E-27 5.980E-01.04170.044 2306.97460.67-.006185              2              0                    R 35      475623 5 8 5 5 1 8   146.0  142.0
 53 4254.994094 8.535E-31 6.373E-01.03740.040 3766.38940.70-.006791              2              0                    R 45      475623 5 8 5 5 3 8    93.0   91.0
 53 4255.455023 3.912E-31 6.419E-01.03700.039 3932.68460.70-.006844              2              0                    R 46      475623 5 8 5 5 3 8    95.0   93.0
 52 4255.700573 2.328E-27 6.025E-01.04130.044 2438.26660.67-.006253              2              0                    R 36      475623 5 8 5 5 1 8   150.0  146.0
 51 4255.835670 1.491E-25 1.669E+00.05450.059 2543.05670.76-.004372              3              1                    R 14      475683 5 8 5 5 2 8    31.0   29.0
 53 4255.844680 1.762E-31 6.465E-01.03660.039 4102.49840.70-.006895              2              0                    R 47      475623 5 8 5 5 3 8    97.0   95.0
 51 4256.217139 6.802E-22 1.030E+00.08030.054    3.84500.78-.002787              2              0                    P  1      685785 6 8 5 3 2 3     1.0    3.0
 52 4256.796099 1.249E-27 6.070E-01.04080.043 2573.14530.67-.006319              2              0                    R 37      475623 5 8 5 5 1 8   154.0  150.0
 52 4257.821124 6.585E-28 6.116E-01.04030.043 2711.60590.67-.006384              2              0                    R 38      475623 5 8 5 5 1 8   158.0  154.0
 51 4258.508021 1.213E-25 1.685E+00.05380.058 2600.12490.75-.004467              3              1                    R 15      475683 5 8 5 5 2 8    33.0   31.0
 52 4258.775516 3.409E-28 6.161E-01.03990.042 2853.64320.67-.006447              2              0                    R 39      475623 5 8 5 5 1 8   162.0  158.0
 52 4259.659142 1.733E-28 6.207E-01.03950.042 2999.25210.67-.006508              2              0                    R 40      475623 5 8 5 5 1 8   166.0  162.0
 52 4260.471869 8.656E-29 6.253E-01.03900.041 3148.42730.67-.006568              2              0                    R 41      475623 5 8 5 5 1 8   170.0  166.0
 51 4261.108022 9.647E-26 1.701E+00.05310.057 2660.98550.75-.004562              3              1                    R 16      475683 5 8 5 5 2 8    35.0   33.0
 52 4261.213565 4.246E-29 6.299E-01.03860.041 3301.16330.67-.006626              2              0                    R 42      475623 5 8 5 5 1 8   174.0  170.0
 52 4261.884097 2.046E-29 6.345E-01.03820.040 3457.45440.67-.006682              2              0                    R 43      475623 5 8 5 5 1 8   178.0  174.0
 52 4262.483333 9.688E-30 6.391E-01.03780.040 3617.29500.67-.006738              2              0                    R 44      475623 5 8 5 5 1 8   182.0  178.0
 52 4263.011139 4.506E-30 6.438E-01.03740.040 3780.67920.67-.006791              2              0                    R 45      475623 5 8 5 5 1 8   186.0  182.0
 52 4263.467384 2.059E-30 6.484E-01.03700.039 3947.60100.67-.006844              2              0                    R 46      475623 5 8 5 5 1 8   190.0  186.0
 51 4263.635524 7.508E-26 1.717E+00.05240.056 2725.63610.74-.004658              3              1                    R 17      475683 5 8 5 5 2 8    37.0   35.0
 51 4263.837197 7.014E-22 3.487E-01.08030.054    0.00000.78-.003323              2              0                    R  0      685785 6 8 5 3 2 3     3.0    1.0
 52 4263.851934 9.247E-31 6.531E-01.03660.039 4118.05440.67-.006895              2              0                    R 47      475623 5 8 5 5 1 8   194.0  190.0
 52 4264.164657 4.080E-31 6.578E-01.03620.038 4292.03300.67-.006944              2              0                    R 48      475623 5 8 5 5 1 8   198.0  194.0
 52 4264.405420 1.769E-31 6.625E-01.03590.038 4469.53040.67-.006993              2              0                    R 49      475623 5 8 5 5 1 8   202.0  198.0
 51 4266.090383 5.718E-26 1.732E+00.05170.055 2794.07430.74-.004754              3              1                    R 18      475683 5 8 5 5 2 8    39.0   37.0
 51 4267.542065 1.385E-21 4.218E-01.07570.054    3.84500.78-.003602              2              0                    R  1      685785 6 8 5 3 2 3     5.0    3.0
 51 4268.472452 4.264E-26 1.747E+00.05100.054 2866.29750.73-.004850              3              1                    R 19      475683 5 8 5 5 2 8    41.0   39.0
 51 4270.781585 3.114E-26 1.763E+00.05030.053 2942.30280.73-.004945              3              1                    R 20      475683 5 8 5 5 2 8    43.0   41.0
 51 4271.176630 2.014E-21 4.554E-01.07120.054   11.53500.77-.003751              2              0                    R  2      685785 6 8 5 3 2 3     7.0    5.0
 51 4273.017634 2.228E-26 1.778E+00.04960.053 3022.08730.72-.005039              3              1                    R 21      475683 5 8 5 5 2 8    45.0   43.0
 51 4274.740746 2.554E-21 4.760E-01.06770.054   23.06950.76-.003855              2              0                    R  3      685785 6 8 5 3 2 3     9.0    7.0
 51 4275.180455 1.562E-26 1.793E+00.04900.052 3105.64790.72-.005132              3              1                    R 22      475683 5 8 5 5 2 8    47.0   45.0
 51 4277.269901 1.073E-26 1.808E+00.04830.051 3192.98150.71-.005224              3              1                    R 23      475683 5 8 5 5 2 8    49.0   47.0
 51 4278.234264 2.981E-21 4.906E-01.06510.054   38.44810.76-.003855              2              0                    R  4      685785 6 8 5 3 2 3    11.0    9.0
 51 4279.285826 7.224E-27 1.823E+00.04770.051 3284.08460.71-.005314              3              1                    R 24      475663 5 8 5 5 2 8    51.0   49.0
 51 4281.228084 4.768E-27 1.837E+00.04710.050 3378.95370.70-.005402              3              1                    R 25      475663 5 8 5 5 2 8    53.0   51.0
 51 4281.657040 3.278E-21 5.020E-01.06320.054   57.67040.77-.003886              2              0                    R  5      685785 6 8 5 3 2 3    13.0   11.0
 51 4283.096528 3.086E-27 1.852E+00.04650.049 3477.58510.70-.005489              3              1                    R 26      475663 5 8 5 5 2 8    55.0   53.0
 51 4284.891014 1.958E-27 1.867E+00.04600.049 3579.97510.70-.005574              3              1                    R 27      475663 5 8 5 5 2 8    57.0   55.0
 51 4285.008925 3.440E-21 5.115E-01.06180.054   80.73540.78-.003913              2              0                    R  6      685785 6 8 5 3 2 3    15.0   13.0
 51 4286.611394 1.219E-27 1.882E+00.04540.048 3686.11980.70-.005656              3              1                    R 28      475663 5 8 5 5 2 8    59.0   57.0
 51 4288.257523 7.437E-28 1.897E+00.04480.047 3796.01490.70-.005738              3              1                    R 29      475663 5 8 5 5 2 8    61.0   59.0
 51 4288.289774 3.471E-21 5.198E-01.06060.054  107.64240.79-.003913              2              0                    R  7      685785 6 8 5 3 2 3    17.0   15.0
 51 4289.829253 4.453E-28 1.912E+00.04430.047 3909.65620.70-.005817              3              1                    R 30      465663 5 8 5 5 2 8    63.0   61.0
 51 4291.326442 2.615E-28 1.927E+00.04380.046 4027.03950.70-.005894              3              1                    R 31      465663 5 8 5 5 2 8    65.0   63.0
 51 4291.499439 3.384E-21 5.273E-01.05950.054  138.39040.79-.003870              2              0                    R  8      685785 6 8 5 3 2 3    19.0   17.0
 51 4292.748942 1.507E-28 1.942E+00.04320.046 4148.16010.70-.005969              3              1                    R 32      465663 5 8 5 5 2 8    67.0   65.0
 51 4294.096607 8.517E-29 1.957E+00.04270.045 4273.01330.70-.006043              3              1                    R 33      465623 5 8 5 5 2 8    69.0   67.0
 51 4294.637774 3.198E-21 5.342E-01.05860.054  172.97800.78-.003862              2              0                    R  9      685785 6 8 5 3 2 3    21.0   19.0
 51 4295.369292 4.724E-29 1.972E+00.04220.045 4401.59430.70-.006115              3              1                    R 34      465623 5 8 5 5 2 8    71.0   69.0
 51 4296.566850 2.571E-29 1.987E+00.04170.044 4533.89830.70-.006185              3              1                    R 35      465623 5 8 5 5 2 8    73.0   71.0
 51 4297.689135 1.373E-29 2.002E+00.04130.044 4669.92000.70-.006253              3              1                    R 36      465623 5 8 5 5 2 8    75.0   73.0
 51 4297.704633 2.937E-21 5.407E-01.05770.054  211.40410.78-.003836              2              0                    R 10      685785 6 8 5 3 2 3    23.0   21.0
 51 4298.736003 7.200E-30 2.017E+00.04080.043 4809.65410.70-.006319              3              1                    R 37      465623 5 8 5 5 2 8    77.0   75.0
 51 4299.707306 3.704E-30 2.032E+00.04030.043 4953.09540.70-.006384              3              1                    R 38      465623 5 8 5 5 2 8    79.0   77.0
 51 4300.602899 1.871E-30 2.048E+00.03990.042 5100.23820.70-.006447              3              1                    R 39      465623 5 8 5 5 2 8    81.0   79.0
 51 4300.699869 2.625E-21 5.468E-01.05690.054  253.66720.77-.003849              2              0                    R 11      685785 6 8 5 3 2 3    25.0   23.0
 51 4301.422637 9.273E-31 2.063E+00.03950.042 5251.07690.70-.006508              3              1                    R 40      465623 5 8 5 5 2 8    83.0   81.0
 51 4302.166372 4.513E-31 2.078E+00.03900.041 5405.60560.70-.006568              3              1                    R 41      465623 5 8 5 5 2 8    85.0   83.0
 51 4302.833960 2.156E-31 2.093E+00.03860.041 5563.81840.70-.006626              3              1                    R 42      465623 5 8 5 5 2 8    87.0   85.0
 51 4303.425254 1.011E-31 2.109E+00.03820.040 5725.70900.70-.006682              3              1                    R 43      465623 5 8 5 5 2 8    89.0   87.0
 51 4303.623335 2.288E-21 5.527E-01.05610.054  299.76560.77-.003922              2              0                    R 12      685785 6 8 5 3 2 3    27.0   25.0
 51 4306.474886 1.945E-21 5.585E-01.05530.054  349.69750.76-.004041              2              0                    R 13      685785 6 8 5 3 2 3    29.0   27.0
 51 4309.254375 1.615E-21 5.641E-01.05450.054  403.46120.76-.004125              2              0                    R 14      685785 6 8 5 3 2 3    31.0   29.0
 51 4311.961655 1.310E-21 5.695E-01.05380.054  461.05440.75-.004235              2              0                    R 15      685785 6 8 5 3 2 3    33.0   31.0
 51 4314.596582 1.040E-21 5.749E-01.05310.054  522.47510.75-.004498              2              0                    R 16      685785 6 8 5 3 2 3    35.0   33.0
 51 4317.159007 8.067E-22 5.803E-01.05240.054  587.72090.75-.004506              2              0                    R 17      685785 6 8 5 3 2 3    37.0   35.0
 51 4319.648786 6.126E-22 5.855E-01.05170.054  656.78920.74-.004754              2              0                    R 18      685785 6 8 5 3 2 3    39.0   37.0
 51 4322.065772 4.554E-22 5.907E-01.05100.054  729.67740.73-.004905              2              0                    R 19      685785 6 8 5 3 2 3    41.0   39.0
 51 4324.409820 3.315E-22 5.959E-01.05030.054  806.38280.75-.004946              2              0                    R 20      585775 6 8 5 3 2 3    43.0   41.0
 51 4326.680783 2.363E-22 6.011E-01.04960.054  886.90240.74-.005703              2              0                    R 21      585725 6 8 5 3 2 3    45.0   43.0
 51 4328.878516 1.651E-22 6.062E-01.04900.054  971.23320.74-.005478              2              0                    R 22      585725 6 8 5 3 2 3    47.0   45.0
 51 4331.002873 1.130E-22 6.113E-01.04830.054 1059.37180.74-.005955              2              0                    R 23      585725 6 8 5 3 2 3    49.0   47.0
 51 4333.053708 7.576E-23 6.165E-01.04770.051 1151.31500.74-.005314              2              0                    R 24      585623 6 8 5 5 2 8    51.0   49.0
 51 4335.030876 4.980E-23 6.216E-01.04710.050 1247.05920.74-.005402              2              0                    R 25      585623 6 8 5 5 2 8    53.0   51.0
 51 4336.934231 3.209E-23 6.267E-01.04650.049 1346.60080.74-.005489              2              0                    R 26      585623 6 8 5 5 2 8    55.0   53.0
 51 4338.763628 2.027E-23 6.318E-01.04600.049 1449.93590.74-.005574              2              0                    R 27      585623 6 8 5 5 2 8    57.0   55.0
 51 4340.518921 1.256E-23 6.369E-01.04540.048 1557.06070.74-.005656              2              0                    R 28      585623 6 8 5 5 2 8    59.0   57.0
 51 4342.199965 7.627E-24 6.420E-01.04480.047 1667.97090.74-.005738              2              0                    R 29      585623 6 8 5 5 2 8    61.0   59.0
 51 4343.806614 4.543E-24 6.471E-01.04430.047 1782.66240.74-.005817              2              0                    R 30      475623 6 8 5 5 2 8    63.0   61.0
 51 4345.338724 2.654E-24 6.523E-01.04380.046 1901.13080.74-.005894              2              0                    R 31      475623 6 8 5 5 2 8    65.0   63.0
 51 4346.796148 1.521E-24 6.574E-01.04320.046 2023.37150.74-.005969              2              0                    R 32      475623 6 8 5 5 2 8    67.0   65.0
 51 4348.178742 8.552E-25 6.626E-01.04270.045 2149.37990.74-.006043              2              0                    R 33      475623 6 8 5 5 2 8    69.0   67.0
 51 4349.486361 4.717E-25 6.677E-01.04220.045 2279.15110.74-.006115              2              0                    R 34      475623 6 8 5 5 2 8    71.0   69.0
 51 4350.718859 2.552E-25 6.729E-01.04170.044 2412.68010.74-.006185              2              0                    R 35      475623 6 8 5 5 2 8    73.0   71.0
 51 4351.876114 1.355E-25 6.781E-01.04130.044 2549.96200.74-.006253              2              0                    R 36      475623 5 8 5 5 2 8    75.0   73.0
 51 4352.957935 7.060E-26 6.833E-01.04080.043 2690.99130.74-.006319              2              0                    R 37      475623 5 8 5 5 2 8    77.0   75.0
 51 4353.964199 3.610E-26 6.885E-01.04030.043 2835.76270.74-.006384              2              0                    R 38      475623 5 8 5 5 2 8    79.0   77.0
 51 4354.894762 1.811E-26 6.938E-01.03990.042 2984.27070.74-.006447              2              0                    R 39      475623 5 8 5 5 2 8    81.0   79.0
 51 4355.749478 8.917E-27 6.990E-01.03950.042 3136.50950.74-.006508              2              0                    R 40      475623 5 8 5 5 2 8    83.0   81.0
 51 4356.528202 4.310E-27 7.043E-01.03900.041 3292.47340.74-.006568              2              0                    R 41      475623 5 8 5 5 2 8    85.0   83.0
 51 4357.230789 2.044E-27 7.096E-01.03860.041 3452.15630.74-.006626              2              0                    R 42      475623 5 8 5 5 2 8    87.0   85.0
 51 4357.857094 9.519E-28 7.149E-01.03820.040 3615.55210.74-.006682              2              0                    R 43      475623 5 8 5 5 2 8    89.0   87.0
 51 4358.406971 4.351E-28 7.202E-01.03780.040 3782.65460.74-.006738              2              0                    R 44      475623 5 8 5 5 2 8    91.0   89.0
 51 4358.880275 1.952E-28 7.255E-01.03740.040 3953.45740.74-.006791              2              0                    R 45      475623 5 8 5 5 2 8    93.0   91.0
 51 4359.276862 8.601E-29 7.308E-01.03700.039 4127.95390.74-.006844              2              0                    R 46      475623 5 8 5 5 2 8    95.0   93.0
 51 4359.596585 3.720E-29 7.362E-01.03660.039 4306.13750.74-.006895              2              0                    R 47      475623 5 8 5 5 2 8    97.0   95.0
 51 4359.839299 1.580E-29 7.416E-01.03620.038 4488.00120.74-.006944              2              0                    R 48      475623 5 8 5 5 2 8    99.0   97.0
 51 4359.892647 1.661E-31 7.687E-01.03450.037 5452.27330.74-.007174              2              0                    R 53      375623 5 8 5 5 2 8   109.0  107.0
