# ------------------------------------------------------------------------
# Radiance spectrum
# NASA-GSFC Planetary Spectrum Generator (PSG) (Villanueva et al. 2018, 2022)
# Synthesized on Mon Feb  7 17:19:45 2022
# Doppler velocities [km/s] (vobs,vrot+vorb,vwidth,vrfl,vstr): 0.00000,0.00000,0.00000,0.00000,0.00000
# ------------------------------------------------------------------------
# Spectra synthesized with the Planetary and Universal Model of Atmospheric Scattering (PUMAS, Villanueva et al. 2018, 2022)
# Muliple scattering method employing PSGDORT, NMAX:4 / LMAX:8 / gMAX:0.14
# ------------------------------------------------------------------------
# Spectral unit: Wavelength [um]
# Radiance unit: Spectral radiance [W/sr/m2/um]
# Wave/freq Total Noise Titan
4.500000000e+00  9.0896651e-05  1.52469e-06  9.08967e-05
4.501666667e+00  9.0604262e-05  1.52297e-06  9.06043e-05
4.503333951e+00  9.0624134e-05  1.52074e-06  9.06241e-05
4.505001852e+00  9.1025896e-05  1.51855e-06  9.10259e-05
4.506670371e+00  9.1853556e-05  1.51641e-06  9.18536e-05
4.508339508e+00  9.3129562e-05  1.51433e-06  9.31296e-05
4.510009264e+00  9.4861158e-05  1.51231e-06  9.48612e-05
4.511679638e+00  9.7051085e-05  1.51035e-06  9.70511e-05
4.513350630e+00  9.9703295e-05  1.50844e-06  9.97033e-05
4.515022241e+00  1.0283019e-04  1.50659e-06  1.02830e-04
4.516694472e+00  1.0645222e-04  1.50480e-06  1.06452e-04
4.518367322e+00  1.1059793e-04  1.50307e-06  1.10598e-04
4.520040791e+00  1.1529889e-04  1.50141e-06  1.15299e-04
4.521714880e+00  1.2059221e-04  1.49983e-06  1.20592e-04
4.523389589e+00  1.2651888e-04  1.49832e-06  1.26519e-04
4.525064919e+00  1.3312769e-04  1.49689e-06  1.33128e-04
4.526740869e+00  1.4047436e-04  1.49555e-06  1.40474e-04
4.528417440e+00  1.4862891e-04  1.49431e-06  1.48629e-04
4.530094631e+00  1.5767389e-04  1.49318e-06  1.57674e-04
4.531772444e+00  1.6770183e-04  1.49216e-06  1.67702e-04
4.533450878e+00  1.7879708e-04  1.49127e-06  1.78797e-04
4.535129934e+00  1.9101627e-04  1.49050e-06  1.91016e-04
4.536809612e+00  2.0435108e-04  1.48988e-06  2.04351e-04
4.538489912e+00  2.1869474e-04  1.48936e-06  2.18695e-04
4.540170834e+00  2.3381180e-04  1.48894e-06  2.33812e-04
4.541852379e+00  2.4934443e-04  1.48857e-06  2.49344e-04
4.543534546e+00  2.6484430e-04  1.48820e-06  2.64844e-04
4.545217337e+00  2.7984359e-04  1.48777e-06  2.79844e-04
4.546900751e+00  2.9393611e-04  1.48723e-06  2.93936e-04
4.548584788e+00  3.0686365e-04  1.48656e-06  3.06864e-04
4.550269449e+00  3.1855968e-04  1.48576e-06  3.18560e-04
4.551954734e+00  3.2914996e-04  1.48483e-06  3.29150e-04
4.553640643e+00  3.3890726e-04  1.48380e-06  3.38907e-04
4.555327177e+00  3.4816757e-04  1.48272e-06  3.48168e-04
4.557014335e+00  3.5725255e-04  1.48163e-06  3.57253e-04
4.558702118e+00  3.6639821e-04  1.48054e-06  3.66398e-04
4.560390526e+00  3.7571903e-04  1.47947e-06  3.75719e-04
4.562079560e+00  3.8519220e-04  1.47843e-06  3.85192e-04
4.563769219e+00  3.9467544e-04  1.47739e-06  3.94675e-04
4.565459504e+00  4.0392579e-04  1.47632e-06  4.03926e-04
4.567150415e+00  4.1263152e-04  1.47519e-06  4.12632e-04
4.568841952e+00  4.2044446e-04  1.47397e-06  4.20444e-04
4.570534116e+00  4.2704084e-04  1.47261e-06  4.27041e-04
4.572226906e+00  4.3219322e-04  1.47108e-06  4.32193e-04
4.573920323e+00  4.3585786e-04  1.46940e-06  4.35858e-04
4.575614368e+00  4.3825341e-04  1.46757e-06  4.38253e-04
4.577309040e+00  4.3987925e-04  1.46565e-06  4.39879e-04
4.579004340e+00  4.4147109e-04  1.46374e-06  4.41471e-04
4.580700267e+00  4.4385296e-04  1.46192e-06  4.43853e-04
4.582396823e+00  4.4773790e-04  1.46027e-06  4.47738e-04
4.584094007e+00  4.5351345e-04  1.45884e-06  4.53513e-04
4.585791819e+00  4.6111696e-04  1.45762e-06  4.61117e-04
4.587490261e+00  4.7001538e-04  1.45654e-06  4.70015e-04
4.589189331e+00  4.7932152e-04  1.45552e-06  4.79322e-04
4.590889031e+00  4.8799904e-04  1.45443e-06  4.87999e-04
4.592589360e+00  4.9509690e-04  1.45316e-06  4.95097e-04
4.594290319e+00  4.9996658e-04  1.45164e-06  4.99967e-04
4.595991908e+00  5.0239967e-04  1.44985e-06  5.02400e-04
4.597694128e+00  5.0267132e-04  1.44782e-06  5.02671e-04
4.599396977e+00  5.0147549e-04  1.44562e-06  5.01475e-04
4.601100458e+00  4.9976718e-04  1.44338e-06  4.99767e-04
4.602804569e+00  4.9852032e-04  1.44118e-06  4.98520e-04
4.604509311e+00  4.9846090e-04  1.43913e-06  4.98461e-04
4.606214685e+00  4.9987039e-04  1.43724e-06  4.99870e-04
4.607920691e+00  5.0251011e-04  1.43549e-06  5.02510e-04
4.609627328e+00  5.0574441e-04  1.43382e-06  5.05744e-04
4.611334597e+00  5.0879209e-04  1.43212e-06  5.08792e-04
4.613042499e+00  5.1104838e-04  1.43034e-06  5.11048e-04
4.614751033e+00  5.1232656e-04  1.42845e-06  5.12327e-04
4.616460200e+00  5.1291652e-04  1.42649e-06  5.12917e-04
4.618170000e+00  5.1343600e-04  1.42452e-06  5.13436e-04
4.619880434e+00  5.1453086e-04  1.42263e-06  5.14531e-04
4.621591500e+00  5.1655327e-04  1.42083e-06  5.16553e-04
4.623303201e+00  5.1935257e-04  1.41913e-06  5.19353e-04
4.625015536e+00  5.2229200e-04  1.41745e-06  5.22292e-04
4.626728504e+00  5.2445176e-04  1.41568e-06  5.24452e-04
4.628442107e+00  5.2496513e-04  1.41373e-06  5.24965e-04
4.630156345e+00  5.2332254e-04  1.41154e-06  5.23323e-04
4.631871218e+00  5.1954194e-04  1.40911e-06  5.19542e-04
4.633586726e+00  5.1413332e-04  1.40651e-06  5.14133e-04
4.635302869e+00  5.0791399e-04  1.40381e-06  5.07914e-04
4.637019648e+00  5.0173813e-04  1.40112e-06  5.01738e-04
4.638737063e+00  4.9625742e-04  1.39851e-06  4.96257e-04
4.640455113e+00  4.9174318e-04  1.39602e-06  4.91743e-04
4.642173800e+00  4.8802904e-04  1.39361e-06  4.88029e-04
4.643893124e+00  4.8450802e-04  1.39123e-06  4.84508e-04
4.645613084e+00  4.8019181e-04  1.38877e-06  4.80192e-04
4.647333682e+00  4.7383255e-04  1.38607e-06  4.73833e-04
4.649054917e+00  4.6409749e-04  1.38300e-06  4.64097e-04
4.650776789e+00  4.4985694e-04  1.37942e-06  4.49857e-04
4.652499299e+00  4.3049554e-04  1.37526e-06  4.30496e-04
4.654222447e+00  4.0623615e-04  1.37055e-06  4.06236e-04
4.655946233e+00  3.7832950e-04  1.36541e-06  3.78330e-04
4.657670657e+00  3.4905498e-04  1.36012e-06  3.49055e-04
4.659395720e+00  3.2148544e-04  1.35502e-06  3.21485e-04
4.661121423e+00  2.9902823e-04  1.35050e-06  2.99028e-04
4.662847764e+00  2.8486342e-04  1.34693e-06  2.84863e-04
4.664574744e+00  2.8140786e-04  1.34458e-06  2.81408e-04
4.666302365e+00  2.8996394e-04  1.34362e-06  2.89964e-04
4.668030625e+00  3.1064069e-04  1.34405e-06  3.10641e-04
4.669759525e+00  3.4251885e-04  1.34576e-06  3.42519e-04
4.671489066e+00  3.8394647e-04  1.34854e-06  3.83946e-04
4.673219247e+00  4.3282888e-04  1.35216e-06  4.32829e-04
4.674950069e+00  4.8675640e-04  1.35632e-06  4.86756e-04
4.676681532e+00  5.4299043e-04  1.36072e-06  5.42990e-04
4.678413636e+00  5.9838538e-04  1.36500e-06  5.98385e-04
4.680146382e+00  6.4941858e-04  1.36876e-06  6.49419e-04
4.681879769e+00  6.9248164e-04  1.37163e-06  6.92482e-04
4.683613799e+00  7.2440695e-04  1.37324e-06  7.24407e-04
4.685348471e+00  7.4312353e-04  1.37340e-06  7.43124e-04
4.687083785e+00  7.4818287e-04  1.37204e-06  7.48183e-04
4.688819742e+00  7.4093988e-04  1.36933e-06  7.40940e-04
4.690556342e+00  7.2431913e-04  1.36559e-06  7.24319e-04
4.692293585e+00  7.0218597e-04  1.36124e-06  7.02186e-04
4.694031471e+00  6.7856780e-04  1.35673e-06  6.78568e-04
4.695770002e+00  6.5690707e-04  1.35243e-06  6.56907e-04
4.697509176e+00  6.3958349e-04  1.34861e-06  6.39583e-04
4.699248994e+00  6.2775606e-04  1.34540e-06  6.27756e-04
4.700989456e+00  6.2148984e-04  1.34282e-06  6.21490e-04
4.702730564e+00  6.2008399e-04  1.34077e-06  6.20084e-04
4.704472316e+00  6.2243993e-04  1.33915e-06  6.22440e-04
4.706214713e+00  6.2738703e-04  1.33783e-06  6.27387e-04
4.707957755e+00  6.3389783e-04  1.33667e-06  6.33898e-04
4.709701443e+00  6.4118559e-04  1.33561e-06  6.41186e-04
4.711445777e+00  6.4869734e-04  1.33457e-06  6.48697e-04
4.713190757e+00  6.5606099e-04  1.33352e-06  6.56061e-04
4.714936383e+00  6.6301860e-04  1.33243e-06  6.63019e-04
4.716682656e+00  6.6937560e-04  1.33127e-06  6.69376e-04
4.718429576e+00  6.7497729e-04  1.33003e-06  6.74977e-04
4.720177142e+00  6.7968709e-04  1.32869e-06  6.79687e-04
4.721925356e+00  6.8336374e-04  1.32724e-06  6.83364e-04
4.723674217e+00  6.8583099e-04  1.32567e-06  6.85831e-04
4.725423726e+00  6.8683368e-04  1.32393e-06  6.86834e-04
4.727173883e+00  6.8603864e-04  1.32199e-06  6.86039e-04
4.728924688e+00  6.8307122e-04  1.31982e-06  6.83071e-04
4.730676142e+00  6.7761898e-04  1.31737e-06  6.77619e-04
4.732428244e+00  6.6957751e-04  1.31464e-06  6.69578e-04
4.734180995e+00  6.5918272e-04  1.31166e-06  6.59183e-04
4.735934396e+00  6.4706510e-04  1.30848e-06  6.47065e-04
4.737688445e+00  6.3418682e-04  1.30522e-06  6.34187e-04
4.739443145e+00  6.2162968e-04  1.30200e-06  6.21630e-04
4.741198494e+00  6.1035801e-04  1.29892e-06  6.10358e-04
4.742954494e+00  6.0099257e-04  1.29605e-06  6.00993e-04
4.744711143e+00  5.9370570e-04  1.29342e-06  5.93706e-04
4.746468444e+00  5.8825620e-04  1.29100e-06  5.88256e-04
4.748226395e+00  5.8409486e-04  1.28872e-06  5.84095e-04
4.749984997e+00  5.8053054e-04  1.28663e-06  5.80531e-04
4.751744251e+00  5.7684946e-04  1.28484e-06  5.76849e-04
4.753504156e+00  5.7240306e-04  1.28296e-06  5.72403e-04
4.755264714e+00  5.6667734e-04  1.28095e-06  5.66677e-04
4.757025923e+00  5.5935138e-04  1.27876e-06  5.59351e-04
4.758787784e+00  5.5037582e-04  1.27638e-06  5.50376e-04
4.760550298e+00  5.4004585e-04  1.27386e-06  5.40046e-04
4.762313465e+00  5.2900819e-04  1.27125e-06  5.29008e-04
4.764077285e+00  5.1818529e-04  1.26868e-06  5.18185e-04
4.765841758e+00  5.0856306e-04  1.26624e-06  5.08563e-04
4.767606884e+00  5.0092897e-04  1.26402e-06  5.00929e-04
4.769372665e+00  4.9560901e-04  1.26206e-06  4.95609e-04
4.771139099e+00  4.9234275e-04  1.26034e-06  4.92343e-04
4.772906188e+00  4.9034412e-04  1.25876e-06  4.90344e-04
4.774673931e+00  4.8852040e-04  1.25719e-06  4.88520e-04
4.776442328e+00  4.8580013e-04  1.25554e-06  4.85800e-04
4.778211381e+00  4.8142166e-04  1.25369e-06  4.81422e-04
4.779981089e+00  4.7511636e-04  1.25164e-06  4.75116e-04
4.781751452e+00  4.6712594e-04  1.24939e-06  4.67126e-04
4.783522471e+00  4.5807724e-04  1.24703e-06  4.58077e-04
4.785294146e+00  4.4874786e-04  1.24464e-06  4.48748e-04
4.787066478e+00  4.3984166e-04  1.24230e-06  4.39842e-04
4.788839465e+00  4.3181823e-04  1.24006e-06  4.31818e-04
4.790613109e+00  4.2485257e-04  1.23794e-06  4.24853e-04
4.792387411e+00  4.1890525e-04  1.23593e-06  4.18905e-04
4.794162369e+00  4.1382815e-04  1.23403e-06  4.13828e-04
4.795937984e+00  4.0945874e-04  1.23220e-06  4.09459e-04
4.797714258e+00  4.0562323e-04  1.23044e-06  4.05623e-04
4.799491189e+00  4.0207821e-04  1.22871e-06  4.02078e-04
4.801268778e+00  3.9845359e-04  1.22697e-06  3.98454e-04
4.803047026e+00  3.9423565e-04  1.22517e-06  3.94236e-04
4.804825932e+00  3.8885140e-04  1.22324e-06  3.88851e-04
4.806605498e+00  3.8179837e-04  1.22112e-06  3.81798e-04
4.808385722e+00  3.7278352e-04  1.21879e-06  3.72784e-04
4.810166605e+00  3.6181399e-04  1.21624e-06  3.61814e-04
4.811948149e+00  3.4921807e-04  1.21350e-06  3.49218e-04
4.813730352e+00  3.3557888e-04  1.21065e-06  3.35579e-04
4.815513215e+00  3.2162706e-04  1.20777e-06  3.21627e-04
4.817296738e+00  3.0810326e-04  1.20494e-06  3.08103e-04
4.819080922e+00  2.9563137e-04  1.20222e-06  2.95631e-04
4.820865767e+00  2.8464244e-04  1.19967e-06  2.84642e-04
4.822651273e+00  2.7534104e-04  1.19731e-06  2.75341e-04
4.824437440e+00  2.6773239e-04  1.19515e-06  2.67732e-04
4.826224269e+00  2.6166747e-04  1.19316e-06  2.61667e-04
4.828011759e+00  2.5688975e-04  1.19132e-06  2.56890e-04
4.829799911e+00  2.5307859e-04  1.18959e-06  2.53079e-04
4.831588726e+00  2.4989586e-04  1.18793e-06  2.49896e-04
4.833378204e+00  2.4702941e-04  1.18631e-06  2.47029e-04
4.835168344e+00  2.4425714e-04  1.18470e-06  2.44257e-04
4.836959147e+00  2.4149350e-04  1.18309e-06  2.41494e-04
4.838750613e+00  2.3882008e-04  1.18150e-06  2.38820e-04
4.840542743e+00  2.3648181e-04  1.17994e-06  2.36482e-04
4.842335537e+00  2.3485725e-04  1.17847e-06  2.34857e-04
4.844128994e+00  2.3439658e-04  1.17713e-06  2.34397e-04
4.845923116e+00  2.3555990e-04  1.17597e-06  2.35560e-04
4.847717902e+00  2.3875709e-04  1.17505e-06  2.38757e-04
4.849513353e+00  2.4430572e-04  1.17439e-06  2.44306e-04
4.851309469e+00  2.5241500e-04  1.17401e-06  2.52415e-04
4.853106251e+00  2.6319004e-04  1.17394e-06  2.63190e-04
4.854903698e+00  2.7665316e-04  1.17417e-06  2.76653e-04
4.856701810e+00  2.9276954e-04  1.17469e-06  2.92770e-04
4.858500588e+00  3.1147188e-04  1.17550e-06  3.11472e-04
4.860300033e+00  3.3267847e-04  1.17658e-06  3.32678e-04
4.862100144e+00  3.5631624e-04  1.17792e-06  3.56316e-04
4.863900922e+00  3.8233190e-04  1.17953e-06  3.82332e-04
4.865702367e+00  4.1070446e-04  1.18138e-06  4.10704e-04
4.867504479e+00  4.4144175e-04  1.18349e-06  4.41442e-04
4.869307258e+00  4.7455444e-04  1.18584e-06  4.74554e-04
4.871110705e+00  5.1000308e-04  1.18844e-06  5.10003e-04
4.872914820e+00  5.4762289e-04  1.19126e-06  5.47623e-04
4.874719604e+00  5.8703278e-04  1.19426e-06  5.87033e-04
4.876525055e+00  6.2757123e-04  1.19736e-06  6.27571e-04
4.878331176e+00  6.6828482e-04  1.20046e-06  6.68285e-04
4.880137965e+00  7.0800539e-04  1.20344e-06  7.08005e-04
4.881945424e+00  7.4552317e-04  1.20616e-06  7.45523e-04
4.883753552e+00  7.7982280e-04  1.20853e-06  7.79823e-04
4.885562349e+00  8.1032983e-04  1.21049e-06  8.10330e-04
4.887371817e+00  8.3709616e-04  1.21204e-06  8.37096e-04
4.889181954e+00  8.6086967e-04  1.21326e-06  8.60870e-04
4.890992763e+00  8.8301386e-04  1.21431e-06  8.83014e-04
4.892804241e+00  9.0528637e-04  1.21537e-06  9.05286e-04
4.894616391e+00  9.2950108e-04  1.21663e-06  9.29501e-04
4.896429212e+00  9.5714987e-04  1.21824e-06  9.57150e-04
4.898242704e+00  9.8907419e-04  1.22028e-06  9.89074e-04
4.900056868e+00  1.0252774e-03  1.22276e-06  1.02528e-03
4.901871704e+00  1.0649440e-03  1.22558e-06  1.06494e-03
4.903687212e+00  1.1066552e-03  1.22860e-06  1.10666e-03
4.905503393e+00  1.1487342e-03  1.23163e-06  1.14873e-03
4.907320246e+00  1.1896156e-03  1.23453e-06  1.18962e-03
4.909137772e+00  1.2281315e-03  1.23717e-06  1.22813e-03
4.910955971e+00  1.2636530e-03  1.23949e-06  1.26365e-03
4.912774844e+00  1.2960712e-03  1.24149e-06  1.29607e-03
4.914594390e+00  1.3256470e-03  1.24319e-06  1.32565e-03
4.916414610e+00  1.3527931e-03  1.24464e-06  1.35279e-03
4.918235504e+00  1.3778616e-03  1.24587e-06  1.37786e-03
4.920057073e+00  1.4010002e-03  1.24691e-06  1.40100e-03
4.921879316e+00  1.4221181e-03  1.24773e-06  1.42212e-03
4.923702235e+00  1.4409592e-03  1.24833e-06  1.44096e-03
4.925525828e+00  1.4572370e-03  1.24867e-06  1.45724e-03
4.927350097e+00  1.4707679e-03  1.24873e-06  1.47077e-03
4.929175041e+00  1.4815479e-03  1.24852e-06  1.48155e-03
4.931000662e+00  1.4897370e-03  1.24806e-06  1.48974e-03
4.932826958e+00  1.4955603e-03  1.24736e-06  1.49556e-03
4.934653931e+00  1.4991625e-03  1.24644e-06  1.49916e-03
4.936481581e+00  1.5004611e-03  1.24529e-06  1.50046e-03
4.938309907e+00  1.4990588e-03  1.24388e-06  1.49906e-03
4.940138911e+00  1.4942543e-03  1.24213e-06  1.49425e-03
4.941968592e+00  1.4851797e-03  1.23997e-06  1.48518e-03
4.943798951e+00  1.4710622e-03  1.23730e-06  1.47106e-03
4.945629987e+00  1.4515653e-03  1.23411e-06  1.45157e-03
4.947461702e+00  1.4271219e-03  1.23043e-06  1.42712e-03
4.949294095e+00  1.3991599e-03  1.22640e-06  1.39916e-03
4.951127167e+00  1.3701045e-03  1.22225e-06  1.37010e-03
4.952960918e+00  1.3431129e-03  1.21831e-06  1.34311e-03
4.954795348e+00  1.3215552e-03  1.21491e-06  1.32156e-03
4.956630457e+00  1.3083489e-03  1.21234e-06  1.30835e-03
4.958466247e+00  1.3053284e-03  1.21079e-06  1.30533e-03
4.960302716e+00  1.3128275e-03  1.21029e-06  1.31283e-03
4.962139865e+00  1.3296127e-03  1.21071e-06  1.32961e-03
4.963977694e+00  1.3531874e-03  1.21181e-06  1.35319e-03
4.965816205e+00  1.3803733e-03  1.21326e-06  1.38037e-03
4.967655396e+00  1.4079861e-03  1.21474e-06  1.40799e-03
4.969495268e+00  1.4334187e-03  1.21600e-06  1.43342e-03
4.971335822e+00  1.4549859e-03  1.21688e-06  1.45499e-03
4.973177057e+00  1.4719923e-03  1.21730e-06  1.47199e-03
4.975018975e+00  1.4845672e-03  1.21729e-06  1.48457e-03
4.976861574e+00  1.4933701e-03  1.21690e-06  1.49337e-03
4.978704856e+00  1.4992791e-03  1.21624e-06  1.49928e-03
4.980548821e+00  1.5031459e-03  1.21538e-06  1.50315e-03
4.982393469e+00  1.5056517e-03  1.21438e-06  1.50565e-03
4.984238800e+00  1.5072644e-03  1.21330e-06  1.50726e-03
4.986084814e+00  1.5082637e-03  1.21216e-06  1.50826e-03
4.987931512e+00  1.5087995e-03  1.21097e-06  1.50880e-03
4.989778894e+00  1.5089546e-03  1.20975e-06  1.50895e-03
4.991626961e+00  1.5087922e-03  1.20850e-06  1.50879e-03
4.993475711e+00  1.5083832e-03  1.20723e-06  1.50838e-03
4.995325147e+00  1.5078142e-03  1.20594e-06  1.50781e-03
4.997175267e+00  1.5071805e-03  1.20465e-06  1.50718e-03
4.999026073e+00  1.5065714e-03  1.20336e-06  1.50657e-03
